# Top-of-atmosphere (TOA) lunar irradiance from Miller and Turner (2009) by 10 nm increments
# First column wavelength (nm), second column TOA irradiance# Phase angle = 65
# Units = mW/m^2-micrometer

300 0.01896
310 0.01893
320 0.02875
330 0.04684
340 0.04226
350 0.03909
360 0.0517
370 0.06246
380 0.05455
390 0.06462
400 0.09331
410 0.09762
420 0.1018
430 0.09004
440 0.1101
450 0.1312
460 0.1352
470 0.1368
480 0.1464
490 0.1429
500 0.1417
510 0.1438
520 0.1379
530 0.1479
540 0.1471
550 0.1544
560 0.1468
570 0.1526
580 0.1559
590 0.1466
600 0.1588
610 0.1573
620 0.1581
630 0.1595
640 0.1582
650 0.154
660 0.1556
670 0.1569
680 0.1547
690 0.1561
700 0.156
710 0.1518
720 0.1487
730 0.1456
740 0.1435
750 0.1442
