# Top-of-atmosphere (TOA) lunar irradiance from Miller and Turner (2009) by 10 nm increments
# First column wavelength (nm), second column TOA irradiance# Phase angle = 119
# Units = mW/m^2-micrometer

300 0.1328
310 0.1324
320 0.2007
330 0.3264
340 0.294
350 0.2715
360 0.3583
370 0.4321
380 0.3767
390 0.4454
400 0.642
410 0.6705
420 0.6979
430 0.6161
440 0.7521
450 0.8948
460 0.9198
470 0.9293
480 0.9924
490 0.9668
500 0.9572
510 0.9699
520 0.9281
530 0.9938
540 0.9865
550 1.033
560 0.981
570 1.017
580 1.038
590 0.9743
600 1.053
610 1.041
620 1.044
630 1.052
640 1.041
650 1.012
660 1.021
670 1.027
680 1.011
690 1.018
700 1.016
710 0.9865
720 0.9648
730 0.9425
740 0.9274
750 0.9305
