# Top-of-atmosphere (TOA) lunar irradiance from Miller and Turner (2009) by 10 nm increments
# First column wavelength (nm), second column TOA irradiance# Phase angle = 107
# Units = mW/m^2-micrometer

300 0.09686
310 0.09656
320 0.1464
330 0.2381
340 0.2145
350 0.1981
360 0.2615
370 0.3154
380 0.275
390 0.3252
400 0.4688
410 0.4896
420 0.5097
430 0.45
440 0.5494
450 0.6537
460 0.6721
470 0.6791
480 0.7254
490 0.7067
500 0.6998
510 0.7092
520 0.6787
530 0.7269
540 0.7216
550 0.756
560 0.7178
570 0.7446
580 0.7595
590 0.7132
600 0.7708
610 0.7625
620 0.7648
630 0.7705
640 0.7627
650 0.7415
660 0.7478
670 0.7529
680 0.741
690 0.7464
700 0.7447
710 0.7233
720 0.7075
730 0.6912
740 0.6802
750 0.6826
