# Top-of-atmosphere (TOA) lunar irradiance from Miller and Turner (2009) by 10 nm increments
# First column wavelength (nm), second column TOA irradiance# Phase angle = 75
# Units = mW/m^2-micrometer

300 0.03106
310 0.03099
320 0.04703
330 0.07657
340 0.06904
350 0.06382
360 0.08434
370 0.1018
380 0.08886
390 0.1052
400 0.1518
410 0.1587
420 0.1654
430 0.1461
440 0.1786
450 0.2127
460 0.2189
470 0.2214
480 0.2367
490 0.2309
500 0.2288
510 0.2321
520 0.2224
530 0.2384
540 0.2369
550 0.2484
560 0.2361
570 0.2451
580 0.2503
590 0.2353
600 0.2545
610 0.252
620 0.253
630 0.2552
640 0.2528
650 0.246
660 0.2484
670 0.2503
680 0.2466
690 0.2487
700 0.2483
710 0.2414
720 0.2364
730 0.2312
740 0.2277
750 0.2287
