# Top-of-atmosphere (TOA) lunar irradiance from Miller and Turner (2009)
# First column wavelength (nm), second column TOA irradiance# Lunar phase angle: 108
# Irradiance units: mW/m^2-micrometer

300 0.09965
301 0.0741
302 0.0933
303 0.08915
304 0.1261
305 0.1174
306 0.1199
307 0.1109
308 0.129
309 0.1301
310 0.09934
311 0.132
312 0.1566
313 0.136
314 0.1475
315 0.1356
316 0.1396
317 0.1276
318 0.1777
319 0.1366
320 0.1506
321 0.186
322 0.1476
323 0.1547
324 0.1443
325 0.1729
326 0.1936
327 0.2208
328 0.2144
329 0.1993
330 0.245
331 0.2262
332 0.224
333 0.2173
334 0.2082
335 0.2227
336 0.2271
337 0.1797
338 0.1973
339 0.2119
340 0.2206
341 0.2437
342 0.2137
343 0.2378
344 0.239
345 0.1725
346 0.2354
347 0.2185
348 0.2167
349 0.226
350 0.2038
351 0.2693
352 0.2403
353 0.2153
354 0.2598
355 0.2765
356 0.2593
357 0.2318
358 0.2105
359 0.1572
360 0.269
361 0.2537
362 0.2249
363 0.2572
364 0.2429
365 0.2621
366 0.3009
367 0.3203
368 0.309
369 0.2757
370 0.3244
371 0.2877
372 0.3328
373 0.2749
374 0.2374
375 0.2423
376 0.2912
377 0.2858
378 0.3445
379 0.3699
380 0.2829
381 0.3312
382 0.3011
383 0.216
384 0.18
385 0.2611
386 0.2748
387 0.2783
388 0.2719
389 0.2616
390 0.3345
391 0.3423
392 0.3986
393 0.3015
394 0.1313
395 0.3041
396 0.3934
397 0.2091
398 0.2352
399 0.4482
400 0.4822
401 0.4845
402 0.5272
403 0.5355
404 0.5245
405 0.5127
406 0.4984
407 0.4855
408 0.4923
409 0.4993
410 0.5036
411 0.4666
412 0.4857
413 0.5049
414 0.5242
415 0.5263
416 0.5276
417 0.5345
418 0.5239
419 0.5237
420 0.5243
421 0.5372
422 0.5477
423 0.529
424 0.5227
425 0.5355
426 0.5318
427 0.5297
428 0.5102
429 0.51
430 0.4629
431 0.3866
432 0.4791
433 0.5296
434 0.5229
435 0.5121
436 0.5506
437 0.5817
438 0.564
439 0.5423
440 0.5652
441 0.59
442 0.6127
443 0.6316
444 0.6337
445 0.6345
446 0.6241
447 0.6203
448 0.657
449 0.6654
450 0.6725
451 0.703
452 0.7066
453 0.6738
454 0.6569
455 0.6874
456 0.6924
457 0.7117
458 0.7124
459 0.6953
460 0.6914
461 0.7026
462 0.7141
463 0.7214
464 0.7137
465 0.6983
466 0.6988
467 0.6937
468 0.6905
469 0.7033
470 0.6985
471 0.6888
472 0.7063
473 0.7286
474 0.7196
475 0.7358
476 0.7359
477 0.7264
478 0.7459
479 0.7461
480 0.7461
481 0.743
482 0.7491
483 0.7427
484 0.7337
485 0.7255
486 0.6605
487 0.6243
488 0.6763
489 0.6979
490 0.7269
491 0.7379
492 0.7126
493 0.7115
494 0.7206
495 0.7384
496 0.7393
497 0.7371
498 0.7319
499 0.7204
500 0.7198
501 0.7088
502 0.6953
503 0.7106
504 0.7246
505 0.7223
506 0.7495
507 0.7617
508 0.7511
509 0.7406
510 0.7294
511 0.722
512 0.7368
513 0.7295
514 0.7125
515 0.704
516 0.7153
517 0.6665
518 0.6273
519 0.6516
520 0.6981
521 0.7116
522 0.7253
523 0.7113
524 0.7245
525 0.7471
526 0.7395
527 0.6776
528 0.6944
529 0.7397
530 0.7476
531 0.759
532 0.7611
533 0.7533
534 0.7434
535 0.7464
536 0.7691
537 0.7524
538 0.753
539 0.7586
540 0.7422
541 0.7281
542 0.7446
543 0.7539
544 0.761
545 0.7683
546 0.7708
547 0.7717
548 0.7633
549 0.7677
550 0.7775
551 0.7743
552 0.7777
553 0.7771
554 0.7755
555 0.7841
556 0.7809
557 0.7655
558 0.7569
559 0.7477
560 0.7383
561 0.7569
562 0.7645
563 0.7564
564 0.7608
565 0.7635
566 0.7574
567 0.7585
568 0.7726
569 0.7671
570 0.7658
571 0.7588
572 0.7607
573 0.7909
574 0.7955
575 0.7893
576 0.7784
577 0.7823
578 0.7845
579 0.7745
580 0.7811
581 0.7888
582 0.7933
583 0.8019
584 0.8034
585 0.7982
586 0.7846
587 0.7837
588 0.7952
589 0.7654
590 0.7335
591 0.7695
592 0.7884
593 0.7909
594 0.7904
595 0.7937
596 0.7908
597 0.797
598 0.7968
599 0.7902
600 0.7927
601 0.7885
602 0.78
603 0.7841
604 0.7992
605 0.8029
606 0.7992
607 0.7969
608 0.7945
609 0.7877
610 0.7841
611 0.7852
612 0.7872
613 0.7843
614 0.7752
615 0.7753
616 0.7699
617 0.7562
618 0.7688
619 0.7809
620 0.7865
621 0.7944
622 0.7896
623 0.7855
624 0.7818
625 0.7754
626 0.7734
627 0.7893
628 0.7997
629 0.8008
630 0.7924
631 0.7893
632 0.7787
633 0.7891
634 0.7855
635 0.7888
636 0.7892
637 0.7878
638 0.7994
639 0.7996
640 0.7843
641 0.7788
642 0.7763
643 0.7852
644 0.7832
645 0.785
646 0.7789
647 0.7806
648 0.7868
649 0.7852
650 0.7625
651 0.7902
652 0.7949
653 0.784
654 0.7782
655 0.7666
656 0.7167
657 0.6591
658 0.7299
659 0.7658
660 0.769
661 0.7762
662 0.7813
663 0.7792
664 0.7704
665 0.7731
666 0.7756
667 0.7717
668 0.7702
669 0.7757
670 0.7743
671 0.7719
672 0.7687
673 0.7669
674 0.766
675 0.7651
676 0.7643
677 0.7636
678 0.763
679 0.7624
680 0.762
681 0.7616
682 0.7613
683 0.7611
684 0.761
685 0.761
686 0.7611
687 0.7613
688 0.7615
689 0.7632
690 0.7676
691 0.7693
692 0.7658
693 0.7635
694 0.7652
695 0.7613
696 0.761
697 0.7637
698 0.7537
699 0.7633
700 0.7658
701 0.7557
702 0.7513
703 0.7548
704 0.7588
705 0.7669
706 0.7624
707 0.7536
708 0.7548
709 0.7484
710 0.7438
711 0.747
712 0.7372
713 0.7347
714 0.7367
715 0.7355
716 0.7331
717 0.7366
718 0.7361
719 0.7269
720 0.7275
721 0.7292
722 0.7299
723 0.7293
724 0.7328
725 0.7312
726 0.7254
727 0.7277
728 0.7266
729 0.7135
730 0.7108
731 0.7242
732 0.7229
733 0.7227
734 0.7231
735 0.7236
736 0.7163
737 0.7145
738 0.7139
739 0.6981
740 0.6995
741 0.6959
742 0.691
743 0.7017
744 0.7123
745 0.7054
746 0.7132
747 0.7107
748 0.7135
749 0.7097
750 0.7019
