# Top-of-atmosphere (TOA) lunar irradiance from Miller and Turner (2009)
# First column wavelength (nm), second column TOA irradiance# Lunar phase angle: 34
# Irradiance units: mW/m^2-micrometer

300 0.00257
301 0.001912
302 0.002409
303 0.002303
304 0.003259
305 0.003036
306 0.003101
307 0.00287
308 0.003339
309 0.00337
310 0.002574
311 0.003422
312 0.004061
313 0.003529
314 0.00383
315 0.003521
316 0.003627
317 0.003317
318 0.004621
319 0.003556
320 0.003921
321 0.004846
322 0.003846
323 0.004033
324 0.003763
325 0.004512
326 0.005056
327 0.005767
328 0.005602
329 0.005211
330 0.006408
331 0.005919
332 0.005864
333 0.005693
334 0.005457
335 0.00584
336 0.005956
337 0.004717
338 0.005182
339 0.005565
340 0.005799
341 0.006408
342 0.005622
343 0.006258
344 0.006294
345 0.004543
346 0.006203
347 0.00576
348 0.005718
349 0.005965
350 0.00538
351 0.007113
352 0.006351
353 0.005692
354 0.006873
355 0.007317
356 0.006864
357 0.00614
358 0.00558
359 0.004168
360 0.007136
361 0.006734
362 0.005971
363 0.006831
364 0.006454
365 0.006969
366 0.008004
367 0.008525
368 0.008226
369 0.007343
370 0.008646
371 0.00767
372 0.008877
373 0.007338
374 0.006339
375 0.006471
376 0.007782
377 0.007643
378 0.009216
379 0.0099
380 0.007574
381 0.008874
382 0.008071
383 0.005792
384 0.00483
385 0.007009
386 0.007379
387 0.007477
388 0.007309
389 0.007033
390 0.008998
391 0.009213
392 0.01073
393 0.008121
394 0.003539
395 0.008199
396 0.01061
397 0.005645
398 0.00635
399 0.01211
400 0.01303
401 0.0131
402 0.01426
403 0.01449
404 0.0142
405 0.01389
406 0.01351
407 0.01316
408 0.01336
409 0.01355
410 0.01367
411 0.01268
412 0.0132
413 0.01373
414 0.01426
415 0.01432
416 0.01437
417 0.01456
418 0.01428
419 0.01428
420 0.0143
421 0.01466
422 0.01495
423 0.01445
424 0.01429
425 0.01464
426 0.01455
427 0.0145
428 0.01397
429 0.01397
430 0.01269
431 0.0106
432 0.01314
433 0.01454
434 0.01436
435 0.01407
436 0.01513
437 0.016
438 0.01552
439 0.01493
440 0.01556
441 0.01625
442 0.01689
443 0.01742
444 0.01748
445 0.01751
446 0.01723
447 0.01714
448 0.01816
449 0.0184
450 0.0186
451 0.01946
452 0.01957
453 0.01867
454 0.01821
455 0.01906
456 0.01921
457 0.01975
458 0.01978
459 0.01932
460 0.01922
461 0.01954
462 0.01987
463 0.02008
464 0.01987
465 0.01946
466 0.01948
467 0.01935
468 0.01926
469 0.01963
470 0.01951
471 0.01924
472 0.01974
473 0.02037
474 0.02013
475 0.0206
476 0.02061
477 0.02035
478 0.02091
479 0.02092
480 0.02093
481 0.02085
482 0.02104
483 0.02087
484 0.02062
485 0.0204
486 0.01858
487 0.01757
488 0.01904
489 0.01966
490 0.02049
491 0.02081
492 0.0201
493 0.02008
494 0.02035
495 0.02086
496 0.0209
497 0.02085
498 0.02071
499 0.02039
500 0.02038
501 0.02008
502 0.01971
503 0.02015
504 0.02056
505 0.0205
506 0.02128
507 0.02164
508 0.02135
509 0.02106
510 0.02075
511 0.02055
512 0.02098
513 0.02078
514 0.02031
515 0.02008
516 0.02041
517 0.01903
518 0.01791
519 0.01862
520 0.01995
521 0.02035
522 0.02075
523 0.02036
524 0.02075
525 0.02141
526 0.0212
527 0.01943
528 0.01992
529 0.02123
530 0.02147
531 0.02181
532 0.02188
533 0.02166
534 0.02139
535 0.02148
536 0.02215
537 0.02168
538 0.02171
539 0.02188
540 0.02141
541 0.02102
542 0.0215
543 0.02178
544 0.022
545 0.02222
546 0.0223
547 0.02234
548 0.02211
549 0.02224
550 0.02254
551 0.02245
552 0.02256
553 0.02256
554 0.02252
555 0.02278
556 0.0227
557 0.02226
558 0.02202
559 0.02177
560 0.0215
561 0.02206
562 0.02229
563 0.02206
564 0.0222
565 0.02229
566 0.02212
567 0.02216
568 0.02258
569 0.02244
570 0.02241
571 0.02221
572 0.02228
573 0.02318
574 0.02332
575 0.02315
576 0.02284
577 0.02297
578 0.02304
579 0.02276
580 0.02296
581 0.0232
582 0.02334
583 0.02361
584 0.02366
585 0.02352
586 0.02313
587 0.02311
588 0.02346
589 0.02259
590 0.02166
591 0.02274
592 0.02331
593 0.02339
594 0.02339
595 0.0235
596 0.02342
597 0.02362
598 0.02362
599 0.02344
600 0.02352
601 0.02341
602 0.02317
603 0.0233
604 0.02376
605 0.02388
606 0.02378
607 0.02372
608 0.02366
609 0.02347
610 0.02338
611 0.02342
612 0.02349
613 0.02341
614 0.02315
615 0.02317
616 0.02302
617 0.02262
618 0.023
619 0.02338
620 0.02356
621 0.0238
622 0.02367
623 0.02356
624 0.02346
625 0.02328
626 0.02323
627 0.02372
628 0.02404
629 0.02409
630 0.02384
631 0.02376
632 0.02346
633 0.02378
634 0.02368
635 0.02379
636 0.02381
637 0.02378
638 0.02414
639 0.02416
640 0.02371
641 0.02356
642 0.02349
643 0.02377
644 0.02372
645 0.02379
646 0.02361
647 0.02368
648 0.02387
649 0.02384
650 0.02316
651 0.02401
652 0.02417
653 0.02385
654 0.02368
655 0.02334
656 0.02183
657 0.02008
658 0.02225
659 0.02336
660 0.02347
661 0.0237
662 0.02386
663 0.02381
664 0.02355
665 0.02365
666 0.02373
667 0.02363
668 0.02359
669 0.02377
670 0.02374
671 0.02368
672 0.02359
673 0.02355
674 0.02353
675 0.02351
676 0.0235
677 0.02349
678 0.02348
679 0.02347
680 0.02347
681 0.02347
682 0.02347
683 0.02348
684 0.02349
685 0.0235
686 0.02351
687 0.02353
688 0.02354
689 0.02361
690 0.02375
691 0.02382
692 0.02372
693 0.02366
694 0.02372
695 0.02361
696 0.02362
697 0.02371
698 0.02341
699 0.02372
700 0.02381
701 0.02351
702 0.02338
703 0.0235
704 0.02364
705 0.0239
706 0.02377
707 0.02351
708 0.02355
709 0.02337
710 0.02323
711 0.02335
712 0.02305
713 0.02298
714 0.02305
715 0.02303
716 0.02296
717 0.02309
718 0.02308
719 0.0228
720 0.02283
721 0.0229
722 0.02293
723 0.02292
724 0.02304
725 0.023
726 0.02283
727 0.02291
728 0.02289
729 0.02249
730 0.02241
731 0.02285
732 0.02281
733 0.02282
734 0.02284
735 0.02287
736 0.02265
737 0.0226
738 0.02259
739 0.0221
740 0.02216
741 0.02205
742 0.02191
743 0.02226
744 0.02261
745 0.0224
746 0.02265
747 0.02259
748 0.02269
749 0.02257
750 0.02234
