# Top-of-atmosphere (TOA) lunar irradiance from Miller and Turner (2009)
# First column wavelength (nm), second column TOA irradiance# Lunar phase angle: 88
# Irradiance units: mW/m^2-micrometer

300 0.05294
301 0.03937
302 0.04958
303 0.04737
304 0.06701
305 0.06241
306 0.06372
307 0.05894
308 0.06855
309 0.06914
310 0.0528
311 0.07015
312 0.08322
313 0.07228
314 0.07842
315 0.07206
316 0.0742
317 0.06783
318 0.09446
319 0.07265
320 0.08007
321 0.09892
322 0.07848
323 0.08226
324 0.07671
325 0.09194
326 0.103
327 0.1174
328 0.114
329 0.106
330 0.1303
331 0.1203
332 0.1191
333 0.1156
334 0.1108
335 0.1185
336 0.1208
337 0.09563
338 0.105
339 0.1127
340 0.1174
341 0.1297
342 0.1137
343 0.1265
344 0.1272
345 0.09178
346 0.1253
347 0.1163
348 0.1154
349 0.1203
350 0.1085
351 0.1433
352 0.1279
353 0.1146
354 0.1383
355 0.1472
356 0.138
357 0.1234
358 0.1121
359 0.08371
360 0.1432
361 0.1351
362 0.1198
363 0.137
364 0.1293
365 0.1396
366 0.1603
367 0.1706
368 0.1646
369 0.1468
370 0.1728
371 0.1532
372 0.1773
373 0.1465
374 0.1265
375 0.1291
376 0.1552
377 0.1523
378 0.1836
379 0.1971
380 0.1507
381 0.1765
382 0.1605
383 0.1151
384 0.09596
385 0.1392
386 0.1465
387 0.1484
388 0.145
389 0.1394
390 0.1783
391 0.1825
392 0.2125
393 0.1607
394 0.07002
395 0.1621
396 0.2098
397 0.1115
398 0.1254
399 0.239
400 0.2571
401 0.2584
402 0.2811
403 0.2856
404 0.2798
405 0.2734
406 0.2658
407 0.259
408 0.2626
409 0.2663
410 0.2687
411 0.2489
412 0.2591
413 0.2694
414 0.2797
415 0.2808
416 0.2816
417 0.2852
418 0.2796
419 0.2795
420 0.2798
421 0.2867
422 0.2923
423 0.2823
424 0.279
425 0.2859
426 0.2839
427 0.2828
428 0.2723
429 0.2723
430 0.2471
431 0.2064
432 0.2558
433 0.2828
434 0.2792
435 0.2735
436 0.294
437 0.3106
438 0.3012
439 0.2896
440 0.3018
441 0.3151
442 0.3272
443 0.3374
444 0.3385
445 0.3389
446 0.3334
447 0.3314
448 0.351
449 0.3555
450 0.3593
451 0.3756
452 0.3775
453 0.36
454 0.351
455 0.3673
456 0.37
457 0.3804
458 0.3807
459 0.3716
460 0.3695
461 0.3755
462 0.3817
463 0.3856
464 0.3815
465 0.3733
466 0.3736
467 0.3709
468 0.3692
469 0.376
470 0.3735
471 0.3683
472 0.3777
473 0.3896
474 0.3848
475 0.3935
476 0.3936
477 0.3885
478 0.3989
479 0.3991
480 0.3991
481 0.3974
482 0.4007
483 0.3973
484 0.3925
485 0.3881
486 0.3534
487 0.334
488 0.3618
489 0.3734
490 0.389
491 0.3949
492 0.3813
493 0.3807
494 0.3856
495 0.3952
496 0.3957
497 0.3945
498 0.3917
499 0.3856
500 0.3853
501 0.3794
502 0.3722
503 0.3804
504 0.3879
505 0.3867
506 0.4013
507 0.4078
508 0.4022
509 0.3965
510 0.3906
511 0.3866
512 0.3946
513 0.3907
514 0.3816
515 0.3771
516 0.3831
517 0.357
518 0.336
519 0.349
520 0.3739
521 0.3812
522 0.3886
523 0.3811
524 0.3882
525 0.4003
526 0.3962
527 0.3631
528 0.3721
529 0.3963
530 0.4006
531 0.4067
532 0.4079
533 0.4037
534 0.3984
535 0.4
536 0.4123
537 0.4033
538 0.4036
539 0.4067
540 0.3979
541 0.3903
542 0.3992
543 0.4042
544 0.408
545 0.4119
546 0.4133
547 0.4138
548 0.4093
549 0.4117
550 0.417
551 0.4152
552 0.4171
553 0.4168
554 0.416
555 0.4206
556 0.4189
557 0.4106
558 0.406
559 0.4011
560 0.3961
561 0.4061
562 0.4102
563 0.4058
564 0.4082
565 0.4096
566 0.4064
567 0.407
568 0.4146
569 0.4117
570 0.411
571 0.4072
572 0.4083
573 0.4245
574 0.427
575 0.4237
576 0.4178
577 0.42
578 0.4211
579 0.4158
580 0.4194
581 0.4235
582 0.4259
583 0.4306
584 0.4314
585 0.4286
586 0.4213
587 0.4209
588 0.427
589 0.411
590 0.3939
591 0.4133
592 0.4235
593 0.4248
594 0.4246
595 0.4263
596 0.4248
597 0.4282
598 0.4281
599 0.4245
600 0.4259
601 0.4237
602 0.4191
603 0.4213
604 0.4295
605 0.4315
606 0.4295
607 0.4283
608 0.427
609 0.4234
610 0.4215
611 0.422
612 0.4231
613 0.4216
614 0.4167
615 0.4168
616 0.4139
617 0.4066
618 0.4133
619 0.4199
620 0.4229
621 0.4271
622 0.4246
623 0.4224
624 0.4204
625 0.417
626 0.4159
627 0.4245
628 0.4301
629 0.4307
630 0.4262
631 0.4246
632 0.4189
633 0.4245
634 0.4225
635 0.4244
636 0.4246
637 0.4238
638 0.4301
639 0.4302
640 0.422
641 0.4191
642 0.4177
643 0.4225
644 0.4215
645 0.4225
646 0.4192
647 0.4201
648 0.4235
649 0.4226
650 0.4105
651 0.4253
652 0.4279
653 0.4221
654 0.419
655 0.4127
656 0.3858
657 0.3548
658 0.393
659 0.4124
660 0.4141
661 0.418
662 0.4207
663 0.4196
664 0.4149
665 0.4164
666 0.4177
667 0.4157
668 0.4149
669 0.4178
670 0.4171
671 0.4158
672 0.4141
673 0.4132
674 0.4127
675 0.4122
676 0.4118
677 0.4114
678 0.4111
679 0.4108
680 0.4106
681 0.4104
682 0.4103
683 0.4102
684 0.4102
685 0.4102
686 0.4102
687 0.4103
688 0.4105
689 0.4114
690 0.4138
691 0.4147
692 0.4128
693 0.4116
694 0.4125
695 0.4105
696 0.4103
697 0.4118
698 0.4064
699 0.4116
700 0.413
701 0.4076
702 0.4052
703 0.4071
704 0.4093
705 0.4137
706 0.4112
707 0.4065
708 0.4072
709 0.4037
710 0.4012
711 0.403
712 0.3977
713 0.3964
714 0.3975
715 0.3969
716 0.3956
717 0.3975
718 0.3972
719 0.3923
720 0.3926
721 0.3936
722 0.3939
723 0.3936
724 0.3955
725 0.3947
726 0.3916
727 0.3928
728 0.3923
729 0.3852
730 0.3837
731 0.391
732 0.3903
733 0.3902
734 0.3904
735 0.3907
736 0.3868
737 0.3858
738 0.3855
739 0.377
740 0.3778
741 0.3758
742 0.3732
743 0.379
744 0.3848
745 0.381
746 0.3853
747 0.3839
748 0.3855
749 0.3834
750 0.3792
