# Top-of-atmosphere (TOA) lunar irradiance from Miller and Turner (2009)
# First column wavelength (nm), second column TOA irradiance# Lunar phase angle: 27
# Irradiance units: mW/m^2-micrometer

300 0.001531
301 0.001139
302 0.001435
303 0.001371
304 0.001941
305 0.001808
306 0.001847
307 0.00171
308 0.001989
309 0.002007
310 0.001533
311 0.002038
312 0.002419
313 0.002102
314 0.002282
315 0.002098
316 0.002161
317 0.001977
318 0.002754
319 0.002119
320 0.002337
321 0.002888
322 0.002292
323 0.002404
324 0.002243
325 0.002689
326 0.003014
327 0.003438
328 0.003339
329 0.003106
330 0.00382
331 0.003529
332 0.003496
333 0.003394
334 0.003254
335 0.003482
336 0.003551
337 0.002813
338 0.00309
339 0.003319
340 0.003458
341 0.003821
342 0.003353
343 0.003732
344 0.003754
345 0.00271
346 0.0037
347 0.003436
348 0.003411
349 0.003558
350 0.003209
351 0.004244
352 0.003789
353 0.003396
354 0.004101
355 0.004366
356 0.004096
357 0.003664
358 0.00333
359 0.002487
360 0.004258
361 0.004019
362 0.003564
363 0.004077
364 0.003852
365 0.00416
366 0.004778
367 0.005089
368 0.004911
369 0.004384
370 0.005162
371 0.004579
372 0.0053
373 0.004381
374 0.003785
375 0.003864
376 0.004647
377 0.004564
378 0.005504
379 0.005912
380 0.004523
381 0.0053
382 0.00482
383 0.00346
384 0.002885
385 0.004186
386 0.004408
387 0.004467
388 0.004366
389 0.004202
390 0.005376
391 0.005504
392 0.006413
393 0.004852
394 0.002115
395 0.004899
396 0.006342
397 0.003373
398 0.003795
399 0.007237
400 0.007789
401 0.00783
402 0.008524
403 0.008663
404 0.008489
405 0.008302
406 0.008075
407 0.007869
408 0.007984
409 0.008101
410 0.008176
411 0.007579
412 0.007893
413 0.008209
414 0.008527
415 0.008565
416 0.008592
417 0.008708
418 0.00854
419 0.008541
420 0.008554
421 0.00877
422 0.008945
423 0.008644
424 0.008545
425 0.008759
426 0.008704
427 0.008673
428 0.008357
429 0.008358
430 0.007591
431 0.006343
432 0.007865
433 0.008698
434 0.008591
435 0.008419
436 0.009056
437 0.009572
438 0.009285
439 0.008933
440 0.009315
441 0.009729
442 0.01011
443 0.01043
444 0.01046
445 0.01048
446 0.01032
447 0.01026
448 0.01087
449 0.01102
450 0.01114
451 0.01165
452 0.01172
453 0.01118
454 0.0109
455 0.01142
456 0.0115
457 0.01183
458 0.01185
459 0.01157
460 0.01151
461 0.0117
462 0.0119
463 0.01203
464 0.01191
465 0.01166
466 0.01167
467 0.01159
468 0.01154
469 0.01176
470 0.01169
471 0.01153
472 0.01183
473 0.01221
474 0.01206
475 0.01234
476 0.01235
477 0.0122
478 0.01253
479 0.01254
480 0.01255
481 0.0125
482 0.01261
483 0.01251
484 0.01236
485 0.01223
486 0.01114
487 0.01054
488 0.01142
489 0.01179
490 0.01229
491 0.01248
492 0.01206
493 0.01204
494 0.0122
495 0.01251
496 0.01253
497 0.0125
498 0.01242
499 0.01223
500 0.01223
501 0.01205
502 0.01182
503 0.01209
504 0.01233
505 0.0123
506 0.01277
507 0.01298
508 0.01281
509 0.01264
510 0.01245
511 0.01233
512 0.01259
513 0.01247
514 0.01219
515 0.01205
516 0.01225
517 0.01142
518 0.01075
519 0.01117
520 0.01198
521 0.01222
522 0.01246
523 0.01222
524 0.01246
525 0.01285
526 0.01273
527 0.01167
528 0.01196
529 0.01275
530 0.01289
531 0.01309
532 0.01314
533 0.01301
534 0.01285
535 0.0129
536 0.0133
537 0.01302
538 0.01304
539 0.01314
540 0.01286
541 0.01262
542 0.01292
543 0.01309
544 0.01322
545 0.01335
546 0.0134
547 0.01342
548 0.01328
549 0.01337
550 0.01354
551 0.01349
552 0.01356
553 0.01356
554 0.01354
555 0.01369
556 0.01364
557 0.01338
558 0.01324
559 0.01308
560 0.01293
561 0.01326
562 0.0134
563 0.01326
564 0.01335
565 0.0134
566 0.0133
567 0.01333
568 0.01358
569 0.01349
570 0.01347
571 0.01336
572 0.0134
573 0.01394
574 0.01402
575 0.01392
576 0.01374
577 0.01381
578 0.01386
579 0.01369
580 0.01381
581 0.01396
582 0.01404
583 0.0142
584 0.01424
585 0.01415
586 0.01392
587 0.01391
588 0.01412
589 0.0136
590 0.01304
591 0.01368
592 0.01403
593 0.01408
594 0.01408
595 0.01414
596 0.0141
597 0.01421
598 0.01422
599 0.01411
600 0.01416
601 0.01409
602 0.01395
603 0.01403
604 0.0143
605 0.01438
606 0.01432
607 0.01429
608 0.01425
609 0.01413
610 0.01408
611 0.0141
612 0.01415
613 0.0141
614 0.01394
615 0.01395
616 0.01386
617 0.01362
618 0.01386
619 0.01408
620 0.01419
621 0.01434
622 0.01426
623 0.01419
624 0.01413
625 0.01403
626 0.014
627 0.01429
628 0.01449
629 0.01452
630 0.01437
631 0.01432
632 0.01414
633 0.01433
634 0.01427
635 0.01434
636 0.01435
637 0.01434
638 0.01455
639 0.01457
640 0.0143
641 0.0142
642 0.01416
643 0.01433
644 0.0143
645 0.01434
646 0.01424
647 0.01428
648 0.0144
649 0.01438
650 0.01397
651 0.01448
652 0.01458
653 0.01438
654 0.01428
655 0.01408
656 0.01317
657 0.01212
658 0.01342
659 0.01409
660 0.01416
661 0.0143
662 0.0144
663 0.01437
664 0.01421
665 0.01427
666 0.01432
667 0.01426
668 0.01424
669 0.01435
670 0.01433
671 0.01429
672 0.01424
673 0.01421
674 0.0142
675 0.01419
676 0.01418
677 0.01418
678 0.01417
679 0.01417
680 0.01417
681 0.01417
682 0.01417
683 0.01418
684 0.01418
685 0.01419
686 0.0142
687 0.01421
688 0.01422
689 0.01426
690 0.01435
691 0.01439
692 0.01433
693 0.01429
694 0.01433
695 0.01426
696 0.01427
697 0.01432
698 0.01414
699 0.01433
700 0.01438
701 0.0142
702 0.01413
703 0.0142
704 0.01428
705 0.01444
706 0.01436
707 0.01421
708 0.01424
709 0.01412
710 0.01404
711 0.01411
712 0.01393
713 0.01389
714 0.01394
715 0.01392
716 0.01388
717 0.01396
718 0.01395
719 0.01379
720 0.0138
721 0.01384
722 0.01386
723 0.01386
724 0.01393
725 0.01391
726 0.01381
727 0.01386
728 0.01384
729 0.0136
730 0.01355
731 0.01382
732 0.0138
733 0.0138
734 0.01382
735 0.01383
736 0.0137
737 0.01367
738 0.01367
739 0.01337
740 0.01341
741 0.01334
742 0.01326
743 0.01347
744 0.01368
745 0.01355
746 0.01371
747 0.01367
748 0.01373
749 0.01366
750 0.01352
