# Top-of-atmosphere (TOA) lunar irradiance from Miller and Turner (2009) by 10 nm increments
# First column wavelength (nm), second column TOA irradiance# Phase angle = 28
# Units = mW/m^2-micrometer

300 0.00165
310 0.001653
320 0.002519
330 0.004118
340 0.003728
350 0.00346
360 0.004591
370 0.005564
380 0.004876
390 0.005795
400 0.008396
410 0.008813
420 0.009221
430 0.008182
440 0.01004
450 0.01201
460 0.01241
470 0.0126
480 0.01352
490 0.01324
500 0.01318
510 0.01342
520 0.01291
530 0.01389
540 0.01386
550 0.0146
560 0.01393
570 0.01452
580 0.01488
590 0.01405
600 0.01526
610 0.01517
620 0.01529
630 0.01548
640 0.0154
650 0.01505
660 0.01525
670 0.01544
680 0.01527
690 0.01546
700 0.0155
710 0.01513
720 0.01487
730 0.0146
740 0.01444
750 0.01457
