# Top-of-atmosphere (TOA) lunar irradiance from Miller and Turner (2009) by 10 nm increments
# First column wavelength (nm), second column TOA irradiance# Phase angle = 30
# Units = mW/m^2-micrometer

300 0.001918
310 0.001922
320 0.002928
330 0.004786
340 0.004332
350 0.004021
360 0.005335
370 0.006466
380 0.005666
390 0.006733
400 0.009755
410 0.01024
420 0.01071
430 0.009506
440 0.01166
450 0.01395
460 0.01441
470 0.01463
480 0.01571
490 0.01538
500 0.01531
510 0.01559
520 0.01499
530 0.01614
540 0.0161
550 0.01695
560 0.01618
570 0.01686
580 0.01729
590 0.01631
600 0.01772
610 0.01761
620 0.01776
630 0.01798
640 0.01788
650 0.01747
660 0.01771
670 0.01792
680 0.01772
690 0.01794
700 0.01799
710 0.01756
720 0.01726
730 0.01695
740 0.01676
750 0.01691
