# Top-of-atmosphere (TOA) lunar irradiance from Miller and Turner (2009)
# First column wavelength (nm), second column TOA irradiance# Lunar phase angle: 7
# Irradiance units: mW/m^2-micrometer

300 0.0003605
301 0.0002682
302 0.0003378
303 0.0003229
304 0.0004568
305 0.0004256
306 0.0004346
307 0.0004022
308 0.0004679
309 0.0004721
310 0.0003606
311 0.0004792
312 0.0005687
313 0.0004941
314 0.0005362
315 0.0004929
316 0.0005077
317 0.0004642
318 0.0006466
319 0.0004975
320 0.0005485
321 0.0006778
322 0.0005379
323 0.0005639
324 0.0005261
325 0.0006307
326 0.0007067
327 0.000806
328 0.0007828
329 0.000728
330 0.0008952
331 0.0008268
332 0.000819
333 0.000795
334 0.000762
335 0.0008153
336 0.0008314
337 0.0006584
338 0.0007231
339 0.0007765
340 0.000809
341 0.0008939
342 0.0007841
343 0.0008728
344 0.0008776
345 0.0006334
346 0.0008648
347 0.0008029
348 0.0007969
349 0.0008312
350 0.0007496
351 0.000991
352 0.0008847
353 0.0007928
354 0.0009571
355 0.001019
356 0.0009557
357 0.0008547
358 0.0007766
359 0.0005801
360 0.0009929
361 0.0009369
362 0.0008307
363 0.0009502
364 0.0008977
365 0.0009691
366 0.001113
367 0.001185
368 0.001144
369 0.001021
370 0.001202
371 0.001066
372 0.001233
373 0.001019
374 0.0008805
375 0.0008987
376 0.001081
377 0.001061
378 0.001279
379 0.001374
380 0.001051
381 0.001231
382 0.00112
383 0.0008036
384 0.00067
385 0.0009721
386 0.001023
387 0.001037
388 0.001013
389 0.000975
390 0.001247
391 0.001277
392 0.001487
393 0.001125
394 0.0004903
395 0.001136
396 0.00147
397 0.0007817
398 0.0008792
399 0.001676
400 0.001804
401 0.001813
402 0.001973
403 0.002005
404 0.001965
405 0.001921
406 0.001868
407 0.00182
408 0.001847
409 0.001873
410 0.00189
411 0.001752
412 0.001824
413 0.001897
414 0.00197
415 0.001979
416 0.001985
417 0.002011
418 0.001972
419 0.001972
420 0.001975
421 0.002024
422 0.002064
423 0.001994
424 0.001971
425 0.00202
426 0.002007
427 0.002
428 0.001927
429 0.001927
430 0.001749
431 0.001461
432 0.001812
433 0.002003
434 0.001979
435 0.001938
436 0.002085
437 0.002203
438 0.002137
439 0.002056
440 0.002143
441 0.002238
442 0.002325
443 0.002397
444 0.002406
445 0.00241
446 0.002371
447 0.002358
448 0.002498
449 0.002531
450 0.002558
451 0.002675
452 0.00269
453 0.002566
454 0.002503
455 0.00262
456 0.00264
457 0.002714
458 0.002717
459 0.002653
460 0.002639
461 0.002683
462 0.002728
463 0.002756
464 0.002728
465 0.00267
466 0.002673
467 0.002654
468 0.002643
469 0.002693
470 0.002675
471 0.002639
472 0.002707
473 0.002793
474 0.00276
475 0.002823
476 0.002824
477 0.002788
478 0.002864
479 0.002866
480 0.002867
481 0.002856
482 0.002881
483 0.002857
484 0.002823
485 0.002792
486 0.002543
487 0.002405
488 0.002606
489 0.00269
490 0.002803
491 0.002846
492 0.002749
493 0.002746
494 0.002782
495 0.002852
496 0.002856
497 0.002849
498 0.002829
499 0.002786
500 0.002785
501 0.002743
502 0.002692
503 0.002752
504 0.002807
505 0.002799
506 0.002905
507 0.002954
508 0.002914
509 0.002874
510 0.002831
511 0.002803
512 0.002862
513 0.002835
514 0.002769
515 0.002737
516 0.002782
517 0.002593
518 0.002442
519 0.002537
520 0.002719
521 0.002772
522 0.002827
523 0.002773
524 0.002826
525 0.002915
526 0.002886
527 0.002645
528 0.002712
529 0.002889
530 0.002922
531 0.002967
532 0.002976
533 0.002947
534 0.002909
535 0.002922
536 0.003012
537 0.002947
538 0.00295
539 0.002974
540 0.00291
541 0.002856
542 0.002921
543 0.002959
544 0.002988
545 0.003018
546 0.003029
547 0.003033
548 0.003001
549 0.003019
550 0.003059
551 0.003047
552 0.003062
553 0.00306
554 0.003055
555 0.00309
556 0.003078
557 0.003019
558 0.002986
559 0.00295
560 0.002914
561 0.002989
562 0.00302
563 0.002989
564 0.003007
565 0.003019
566 0.002996
567 0.003001
568 0.003058
569 0.003037
570 0.003033
571 0.003006
572 0.003015
573 0.003136
574 0.003155
575 0.003131
576 0.003089
577 0.003106
578 0.003115
579 0.003077
580 0.003104
581 0.003136
582 0.003154
583 0.00319
584 0.003197
585 0.003177
586 0.003124
587 0.003122
588 0.003168
589 0.003051
590 0.002925
591 0.003069
592 0.003146
593 0.003157
594 0.003156
595 0.00317
596 0.00316
597 0.003185
598 0.003185
599 0.00316
600 0.003171
601 0.003156
602 0.003122
603 0.00314
604 0.003202
605 0.003218
606 0.003204
607 0.003196
608 0.003187
609 0.003161
610 0.003148
611 0.003153
612 0.003162
613 0.003151
614 0.003116
615 0.003117
616 0.003097
617 0.003043
618 0.003094
619 0.003144
620 0.003168
621 0.0032
622 0.003182
623 0.003167
624 0.003153
625 0.003128
626 0.003121
627 0.003187
628 0.003229
629 0.003235
630 0.003202
631 0.003191
632 0.003149
633 0.003192
634 0.003178
635 0.003193
636 0.003196
637 0.003191
638 0.003239
639 0.003241
640 0.00318
641 0.003159
642 0.00315
643 0.003187
644 0.00318
645 0.003188
646 0.003165
647 0.003172
648 0.003199
649 0.003193
650 0.003102
651 0.003216
652 0.003236
653 0.003193
654 0.00317
655 0.003124
656 0.002921
657 0.002688
658 0.002977
659 0.003125
660 0.003139
661 0.003169
662 0.003191
663 0.003184
664 0.003149
665 0.003161
666 0.003172
667 0.003158
668 0.003152
669 0.003176
670 0.003171
671 0.003162
672 0.003151
673 0.003144
674 0.003141
675 0.003139
676 0.003137
677 0.003135
678 0.003133
679 0.003132
680 0.003131
681 0.003131
682 0.003131
683 0.003131
684 0.003132
685 0.003133
686 0.003134
687 0.003136
688 0.003138
689 0.003146
690 0.003165
691 0.003173
692 0.003159
693 0.003151
694 0.003159
695 0.003144
696 0.003144
697 0.003156
698 0.003116
699 0.003157
700 0.003168
701 0.003128
702 0.00311
703 0.003126
704 0.003143
705 0.003178
706 0.00316
707 0.003125
708 0.003131
709 0.003106
710 0.003087
711 0.003102
712 0.003062
713 0.003053
714 0.003062
715 0.003058
716 0.003049
717 0.003065
718 0.003064
719 0.003026
720 0.00303
721 0.003038
722 0.003042
723 0.003041
724 0.003056
725 0.00305
726 0.003027
727 0.003038
728 0.003034
729 0.002981
730 0.00297
731 0.003027
732 0.003023
733 0.003023
734 0.003026
735 0.003029
736 0.002999
737 0.002993
738 0.002991
739 0.002926
740 0.002933
741 0.002919
742 0.002899
743 0.002945
744 0.002991
745 0.002962
746 0.002996
747 0.002987
748 0.003
749 0.002985
750 0.002953
