# Top-of-atmosphere (TOA) lunar irradiance from Miller and Turner (2009)
# First column wavelength (nm), second column TOA irradiance# Lunar phase angle: 33
# Irradiance units: mW/m^2-micrometer

300 0.002389
301 0.001777
302 0.002239
303 0.00214
304 0.003029
305 0.002822
306 0.002883
307 0.002668
308 0.003104
309 0.003132
310 0.002393
311 0.00318
312 0.003775
313 0.00328
314 0.00356
315 0.003273
316 0.003372
317 0.003083
318 0.004296
319 0.003306
320 0.003645
321 0.004505
322 0.003575
323 0.003749
324 0.003498
325 0.004194
326 0.0047
327 0.005361
328 0.005208
329 0.004844
330 0.005957
331 0.005502
332 0.005452
333 0.005293
334 0.005073
335 0.005429
336 0.005537
337 0.004386
338 0.004817
339 0.005174
340 0.005391
341 0.005957
342 0.005227
343 0.005818
344 0.005852
345 0.004224
346 0.005767
347 0.005356
348 0.005316
349 0.005546
350 0.005002
351 0.006614
352 0.005905
353 0.005292
354 0.00639
355 0.006803
356 0.006383
357 0.005709
358 0.005188
359 0.003876
360 0.006635
361 0.006262
362 0.005553
363 0.006352
364 0.006002
365 0.006481
366 0.007443
367 0.007928
368 0.00765
369 0.006829
370 0.00804
371 0.007133
372 0.008255
373 0.006824
374 0.005895
375 0.006018
376 0.007238
377 0.007107
378 0.008571
379 0.009207
380 0.007044
381 0.008253
382 0.007506
383 0.005387
384 0.004492
385 0.006518
386 0.006863
387 0.006954
388 0.006798
389 0.006541
390 0.008369
391 0.008569
392 0.009983
393 0.007553
394 0.003292
395 0.007626
396 0.009871
397 0.00525
398 0.005906
399 0.01126
400 0.01212
401 0.01219
402 0.01326
403 0.01348
404 0.01321
405 0.01292
406 0.01256
407 0.01224
408 0.01242
409 0.0126
410 0.01272
411 0.01179
412 0.01228
413 0.01277
414 0.01327
415 0.01332
416 0.01337
417 0.01355
418 0.01328
419 0.01329
420 0.01331
421 0.01364
422 0.01391
423 0.01344
424 0.01329
425 0.01362
426 0.01354
427 0.01349
428 0.013
429 0.013
430 0.0118
431 0.009863
432 0.01223
433 0.01352
434 0.01336
435 0.01309
436 0.01408
437 0.01488
438 0.01444
439 0.01389
440 0.01448
441 0.01512
442 0.01571
443 0.01621
444 0.01627
445 0.01629
446 0.01604
447 0.01595
448 0.0169
449 0.01712
450 0.01731
451 0.01811
452 0.01821
453 0.01737
454 0.01694
455 0.01774
456 0.01788
457 0.01838
458 0.01841
459 0.01797
460 0.01788
461 0.01818
462 0.01849
463 0.01868
464 0.0185
465 0.01811
466 0.01813
467 0.018
468 0.01793
469 0.01827
470 0.01815
471 0.01791
472 0.01837
473 0.01896
474 0.01874
475 0.01917
476 0.01918
477 0.01894
478 0.01946
479 0.01947
480 0.01948
481 0.01941
482 0.01958
483 0.01942
484 0.01919
485 0.01899
486 0.0173
487 0.01636
488 0.01773
489 0.0183
490 0.01907
491 0.01937
492 0.01871
493 0.01869
494 0.01894
495 0.01942
496 0.01945
497 0.0194
498 0.01927
499 0.01898
500 0.01897
501 0.01869
502 0.01835
503 0.01876
504 0.01914
505 0.01909
506 0.01981
507 0.02015
508 0.01988
509 0.01961
510 0.01932
511 0.01913
512 0.01953
513 0.01935
514 0.01891
515 0.01869
516 0.019
517 0.01771
518 0.01668
519 0.01733
520 0.01858
521 0.01895
522 0.01932
523 0.01896
524 0.01932
525 0.01993
526 0.01974
527 0.01809
528 0.01855
529 0.01977
530 0.01999
531 0.0203
532 0.02037
533 0.02017
534 0.01992
535 0.02001
536 0.02063
537 0.02018
538 0.02021
539 0.02037
540 0.01994
541 0.01957
542 0.02002
543 0.02028
544 0.02048
545 0.02069
546 0.02077
547 0.0208
548 0.02059
549 0.02071
550 0.02099
551 0.02091
552 0.02101
553 0.02101
554 0.02098
555 0.02122
556 0.02114
557 0.02073
558 0.02051
559 0.02027
560 0.02002
561 0.02054
562 0.02076
563 0.02055
564 0.02068
565 0.02076
566 0.0206
567 0.02064
568 0.02104
569 0.0209
570 0.02087
571 0.02069
572 0.02075
573 0.02159
574 0.02172
575 0.02156
576 0.02127
577 0.02139
578 0.02146
579 0.0212
580 0.02139
581 0.02161
582 0.02174
583 0.02199
584 0.02204
585 0.02191
586 0.02154
587 0.02153
588 0.02186
589 0.02105
590 0.02018
591 0.02118
592 0.02171
593 0.02179
594 0.02179
595 0.02189
596 0.02182
597 0.022
598 0.022
599 0.02183
600 0.02191
601 0.02181
602 0.02158
603 0.02171
604 0.02213
605 0.02225
606 0.02215
607 0.0221
608 0.02205
609 0.02187
610 0.02178
611 0.02182
612 0.02189
613 0.02181
614 0.02157
615 0.02159
616 0.02144
617 0.02107
618 0.02143
619 0.02178
620 0.02195
621 0.02218
622 0.02206
623 0.02195
624 0.02186
625 0.02169
626 0.02164
627 0.0221
628 0.0224
629 0.02244
630 0.02222
631 0.02214
632 0.02186
633 0.02216
634 0.02207
635 0.02217
636 0.02219
637 0.02216
638 0.0225
639 0.02252
640 0.0221
641 0.02195
642 0.02189
643 0.02215
644 0.02211
645 0.02217
646 0.02201
647 0.02206
648 0.02225
649 0.02222
650 0.02159
651 0.02238
652 0.02252
653 0.02223
654 0.02207
655 0.02175
656 0.02034
657 0.01872
658 0.02074
659 0.02177
660 0.02187
661 0.02209
662 0.02224
663 0.02219
664 0.02195
665 0.02204
666 0.02212
667 0.02202
668 0.02199
669 0.02216
670 0.02213
671 0.02207
672 0.02199
673 0.02195
674 0.02193
675 0.02192
676 0.0219
677 0.02189
678 0.02189
679 0.02188
680 0.02188
681 0.02188
682 0.02188
683 0.02189
684 0.02189
685 0.0219
686 0.02192
687 0.02193
688 0.02195
689 0.02201
690 0.02215
691 0.0222
692 0.02211
693 0.02206
694 0.02212
695 0.02202
696 0.02202
697 0.02211
698 0.02183
699 0.02212
700 0.0222
701 0.02192
702 0.0218
703 0.02191
704 0.02204
705 0.02228
706 0.02216
707 0.02192
708 0.02196
709 0.02179
710 0.02166
711 0.02177
712 0.02149
713 0.02143
714 0.0215
715 0.02147
716 0.02141
717 0.02153
718 0.02152
719 0.02126
720 0.02129
721 0.02135
722 0.02138
723 0.02137
724 0.02148
725 0.02145
726 0.02129
727 0.02137
728 0.02134
729 0.02097
730 0.0209
731 0.0213
732 0.02128
733 0.02128
734 0.0213
735 0.02133
736 0.02112
737 0.02108
738 0.02107
739 0.02062
740 0.02066
741 0.02057
742 0.02043
743 0.02076
744 0.02108
745 0.02089
746 0.02113
747 0.02107
748 0.02116
749 0.02106
750 0.02084
