# Top-of-atmosphere (TOA) lunar irradiance from Miller and Turner (2009)
# First column wavelength (nm), second column TOA irradiance# Lunar phase angle: 92
# Irradiance units: mW/m^2-micrometer

300 0.06106
301 0.0454
302 0.05717
303 0.05463
304 0.07727
305 0.07197
306 0.07347
307 0.06797
308 0.07905
309 0.07973
310 0.06088
311 0.08088
312 0.09596
313 0.08335
314 0.09042
315 0.08309
316 0.08556
317 0.07821
318 0.1089
319 0.08376
320 0.09232
321 0.1141
322 0.09048
323 0.09483
324 0.08844
325 0.106
326 0.1187
327 0.1354
328 0.1314
329 0.1222
330 0.1502
331 0.1387
332 0.1373
333 0.1333
334 0.1277
335 0.1366
336 0.1392
337 0.1102
338 0.121
339 0.1299
340 0.1353
341 0.1495
342 0.1311
343 0.1459
344 0.1466
345 0.1058
346 0.1444
347 0.134
348 0.133
349 0.1387
350 0.125
351 0.1652
352 0.1474
353 0.1321
354 0.1594
355 0.1696
356 0.1591
357 0.1422
358 0.1292
359 0.09646
360 0.1651
361 0.1557
362 0.138
363 0.1578
364 0.149
365 0.1609
366 0.1847
367 0.1966
368 0.1896
369 0.1692
370 0.1991
371 0.1766
372 0.2043
373 0.1688
374 0.1457
375 0.1487
376 0.1788
377 0.1755
378 0.2115
379 0.2271
380 0.1737
381 0.2034
382 0.1849
383 0.1326
384 0.1105
385 0.1603
386 0.1687
387 0.1709
388 0.167
389 0.1606
390 0.2054
391 0.2102
392 0.2448
393 0.1851
394 0.08065
395 0.1867
396 0.2416
397 0.1285
398 0.1444
399 0.2753
400 0.2962
401 0.2976
402 0.3238
403 0.3289
404 0.3222
405 0.3149
406 0.3062
407 0.2982
408 0.3025
409 0.3067
410 0.3094
411 0.2867
412 0.2984
413 0.3102
414 0.3221
415 0.3234
416 0.3242
417 0.3284
418 0.322
419 0.3219
420 0.3222
421 0.3302
422 0.3366
423 0.3251
424 0.3212
425 0.3291
426 0.3269
427 0.3256
428 0.3136
429 0.3135
430 0.2845
431 0.2376
432 0.2945
433 0.3256
434 0.3214
435 0.3148
436 0.3385
437 0.3576
438 0.3467
439 0.3334
440 0.3475
441 0.3628
442 0.3767
443 0.3884
444 0.3897
445 0.3901
446 0.3838
447 0.3815
448 0.404
449 0.4092
450 0.4136
451 0.4323
452 0.4346
453 0.4144
454 0.404
455 0.4228
456 0.4259
457 0.4378
458 0.4382
459 0.4277
460 0.4253
461 0.4322
462 0.4393
463 0.4438
464 0.4391
465 0.4296
466 0.4299
467 0.4268
468 0.4248
469 0.4327
470 0.4298
471 0.4239
472 0.4346
473 0.4483
474 0.4428
475 0.4528
476 0.4529
477 0.447
478 0.459
479 0.4592
480 0.4592
481 0.4573
482 0.461
483 0.4572
484 0.4516
485 0.4465
486 0.4066
487 0.3843
488 0.4163
489 0.4296
490 0.4475
491 0.4543
492 0.4387
493 0.438
494 0.4436
495 0.4546
496 0.4552
497 0.4539
498 0.4506
499 0.4436
500 0.4432
501 0.4365
502 0.4281
503 0.4376
504 0.4462
505 0.4448
506 0.4616
507 0.4691
508 0.4626
509 0.4561
510 0.4493
511 0.4447
512 0.4538
513 0.4493
514 0.4389
515 0.4337
516 0.4406
517 0.4106
518 0.3865
519 0.4014
520 0.4301
521 0.4384
522 0.4469
523 0.4383
524 0.4464
525 0.4603
526 0.4557
527 0.4175
528 0.4279
529 0.4558
530 0.4607
531 0.4677
532 0.4691
533 0.4642
534 0.4582
535 0.46
536 0.474
537 0.4637
538 0.4641
539 0.4676
540 0.4575
541 0.4488
542 0.459
543 0.4647
544 0.4691
545 0.4736
546 0.4752
547 0.4757
548 0.4706
549 0.4733
550 0.4794
551 0.4774
552 0.4795
553 0.4792
554 0.4782
555 0.4835
556 0.4815
557 0.472
558 0.4667
559 0.4611
560 0.4553
561 0.4668
562 0.4715
563 0.4665
564 0.4692
565 0.4709
566 0.4672
567 0.4678
568 0.4765
569 0.4732
570 0.4723
571 0.468
572 0.4692
573 0.4879
574 0.4907
575 0.4869
576 0.4802
577 0.4826
578 0.484
579 0.4778
580 0.4819
581 0.4867
582 0.4895
583 0.4948
584 0.4957
585 0.4925
586 0.4841
587 0.4836
588 0.4907
589 0.4723
590 0.4527
591 0.4749
592 0.4866
593 0.4881
594 0.4878
595 0.4899
596 0.4881
597 0.4919
598 0.4918
599 0.4878
600 0.4893
601 0.4868
602 0.4815
603 0.484
604 0.4934
605 0.4957
606 0.4934
607 0.492
608 0.4905
609 0.4863
610 0.4842
611 0.4848
612 0.4861
613 0.4843
614 0.4787
615 0.4788
616 0.4754
617 0.467
618 0.4748
619 0.4823
620 0.4857
621 0.4906
622 0.4877
623 0.4851
624 0.4829
625 0.479
626 0.4777
627 0.4876
628 0.494
629 0.4947
630 0.4895
631 0.4876
632 0.4811
633 0.4875
634 0.4853
635 0.4873
636 0.4876
637 0.4867
638 0.4939
639 0.4941
640 0.4846
641 0.4813
642 0.4797
643 0.4852
644 0.484
645 0.4851
646 0.4814
647 0.4824
648 0.4862
649 0.4853
650 0.4713
651 0.4884
652 0.4913
653 0.4846
654 0.481
655 0.4739
656 0.443
657 0.4074
658 0.4512
659 0.4734
660 0.4754
661 0.4799
662 0.483
663 0.4817
664 0.4763
665 0.478
666 0.4795
667 0.4772
668 0.4763
669 0.4797
670 0.4788
671 0.4773
672 0.4754
673 0.4743
674 0.4737
675 0.4732
676 0.4727
677 0.4722
678 0.4719
679 0.4716
680 0.4713
681 0.4711
682 0.4709
683 0.4708
684 0.4708
685 0.4708
686 0.4708
687 0.4709
688 0.4711
689 0.4721
690 0.4749
691 0.4759
692 0.4738
693 0.4724
694 0.4734
695 0.4711
696 0.4709
697 0.4726
698 0.4664
699 0.4723
700 0.4739
701 0.4677
702 0.4649
703 0.4671
704 0.4696
705 0.4747
706 0.4719
707 0.4664
708 0.4672
709 0.4632
710 0.4604
711 0.4624
712 0.4563
713 0.4548
714 0.456
715 0.4553
716 0.4539
717 0.456
718 0.4557
719 0.45
720 0.4504
721 0.4515
722 0.4519
723 0.4516
724 0.4537
725 0.4528
726 0.4492
727 0.4506
728 0.45
729 0.4419
730 0.4402
731 0.4485
732 0.4477
733 0.4476
734 0.4478
735 0.4482
736 0.4437
737 0.4426
738 0.4422
739 0.4324
740 0.4333
741 0.431
742 0.428
743 0.4347
744 0.4413
745 0.437
746 0.4418
747 0.4403
748 0.442
749 0.4397
750 0.4349
