# Top-of-atmosphere (TOA) lunar irradiance from Miller and Turner (2009) by 10 nm increments
# First column wavelength (nm), second column TOA irradiance# Phase angle = 24
# Units = mW/m^2-micrometer

300 0.001221
310 0.001224
320 0.001865
330 0.003049
340 0.00276
350 0.002562
360 0.003399
370 0.004121
380 0.003611
390 0.004292
400 0.006219
410 0.006528
420 0.00683
430 0.006061
440 0.007438
450 0.008895
460 0.009192
470 0.009335
480 0.01002
490 0.009813
500 0.009766
510 0.009947
520 0.009569
530 0.0103
540 0.01028
550 0.01082
560 0.01033
570 0.01077
580 0.01104
590 0.01042
600 0.01132
610 0.01125
620 0.01134
630 0.01149
640 0.01143
650 0.01117
660 0.01132
670 0.01145
680 0.01133
690 0.01147
700 0.0115
710 0.01123
720 0.01104
730 0.01084
740 0.01072
750 0.01081
