# Top-of-atmosphere (TOA) lunar irradiance from Miller and Turner (2009) by 10 nm increments
# First column wavelength (nm), second column TOA irradiance# Phase angle = 97
# Units = mW/m^2-micrometer

300 0.07196
310 0.07174
320 0.1088
330 0.177
340 0.1594
350 0.1472
360 0.1944
370 0.2345
380 0.2045
390 0.2419
400 0.3487
410 0.3643
420 0.3793
430 0.3349
440 0.409
450 0.4867
460 0.5004
470 0.5057
480 0.5402
490 0.5264
500 0.5213
510 0.5283
520 0.5057
530 0.5417
540 0.5378
550 0.5635
560 0.5352
570 0.5552
580 0.5664
590 0.5319
600 0.5749
610 0.5688
620 0.5706
630 0.575
640 0.5692
650 0.5535
660 0.5583
670 0.5622
680 0.5533
690 0.5575
700 0.5562
710 0.5403
720 0.5286
730 0.5165
740 0.5084
750 0.5102
