# Top-of-atmosphere (TOA) lunar irradiance from Miller and Turner (2009) by 10 nm increments
# First column wavelength (nm), second column TOA irradiance# Phase angle = 5
# Units = mW/m^2-micrometer

300 0.000317
310 0.0003169
320 0.0004818
330 0.0007859
340 0.0007098
350 0.0006574
360 0.0008703
370 0.001053
380 0.0009203
390 0.001091
400 0.001578
410 0.001652
420 0.001725
430 0.001527
440 0.00187
450 0.002231
460 0.0023
470 0.002331
480 0.002496
490 0.002439
500 0.002422
510 0.002461
520 0.002362
530 0.002537
540 0.002525
550 0.002653
560 0.002526
570 0.002628
580 0.002688
590 0.002531
600 0.002743
610 0.002721
620 0.002737
630 0.002765
640 0.002744
650 0.002676
660 0.002706
670 0.002732
680 0.002696
690 0.002724
700 0.002725
710 0.002654
720 0.002603
730 0.002551
740 0.002517
750 0.002533
