# Top-of-atmosphere (TOA) lunar irradiance from Miller and Turner (2009)
# First column wavelength (nm), second column TOA irradiance# Lunar phase angle: 104
# Irradiance units: mW/m^2-micrometer

300 0.08896
301 0.06615
302 0.08329
303 0.07959
304 0.1126
305 0.1048
306 0.107
307 0.09901
308 0.1151
309 0.1161
310 0.08868
311 0.1178
312 0.1398
313 0.1214
314 0.1317
315 0.121
316 0.1246
317 0.1139
318 0.1586
319 0.122
320 0.1345
321 0.1661
322 0.1318
323 0.1381
324 0.1288
325 0.1544
326 0.1729
327 0.1971
328 0.1914
329 0.1779
330 0.2187
331 0.2019
332 0.2
333 0.194
334 0.1859
335 0.1989
336 0.2027
337 0.1605
338 0.1762
339 0.1892
340 0.197
341 0.2176
342 0.1908
343 0.2123
344 0.2134
345 0.154
346 0.2102
347 0.1951
348 0.1935
349 0.2018
350 0.1819
351 0.2404
352 0.2146
353 0.1922
354 0.232
355 0.2469
356 0.2315
357 0.207
358 0.188
359 0.1404
360 0.2402
361 0.2266
362 0.2008
363 0.2296
364 0.2169
365 0.234
366 0.2687
367 0.286
368 0.2759
369 0.2462
370 0.2897
371 0.2569
372 0.2972
373 0.2455
374 0.212
375 0.2163
376 0.26
377 0.2552
378 0.3077
379 0.3303
380 0.2526
381 0.2958
382 0.2689
383 0.1929
384 0.1608
385 0.2332
386 0.2454
387 0.2486
388 0.2429
389 0.2336
390 0.2987
391 0.3057
392 0.356
393 0.2692
394 0.1173
395 0.2716
396 0.3513
397 0.1868
398 0.21
399 0.4003
400 0.4306
401 0.4327
402 0.4708
403 0.4782
404 0.4684
405 0.4579
406 0.4451
407 0.4336
408 0.4397
409 0.4459
410 0.4498
411 0.4168
412 0.4338
413 0.4509
414 0.4682
415 0.47
416 0.4713
417 0.4774
418 0.4679
419 0.4678
420 0.4683
421 0.4799
422 0.4892
423 0.4725
424 0.4668
425 0.4783
426 0.475
427 0.4731
428 0.4557
429 0.4555
430 0.4135
431 0.3453
432 0.428
433 0.4731
434 0.467
435 0.4574
436 0.4918
437 0.5196
438 0.5038
439 0.4844
440 0.5048
441 0.527
442 0.5473
443 0.5642
444 0.566
445 0.5667
446 0.5575
447 0.5541
448 0.5869
449 0.5944
450 0.6007
451 0.628
452 0.6312
453 0.6019
454 0.5868
455 0.6141
456 0.6186
457 0.6358
458 0.6364
459 0.6211
460 0.6176
461 0.6276
462 0.6379
463 0.6444
464 0.6376
465 0.6239
466 0.6243
467 0.6198
468 0.6168
469 0.6283
470 0.624
471 0.6154
472 0.631
473 0.6509
474 0.6429
475 0.6574
476 0.6574
477 0.6489
478 0.6664
479 0.6666
480 0.6666
481 0.6638
482 0.6692
483 0.6636
484 0.6555
485 0.6481
486 0.5901
487 0.5578
488 0.6042
489 0.6235
490 0.6495
491 0.6593
492 0.6367
493 0.6357
494 0.6438
495 0.6598
496 0.6605
497 0.6586
498 0.6539
499 0.6436
500 0.6431
501 0.6333
502 0.6212
503 0.6349
504 0.6474
505 0.6453
506 0.6696
507 0.6806
508 0.6711
509 0.6617
510 0.6517
511 0.6451
512 0.6584
513 0.6518
514 0.6366
515 0.6291
516 0.6391
517 0.5956
518 0.5605
519 0.5822
520 0.6238
521 0.6358
522 0.6481
523 0.6356
524 0.6474
525 0.6676
526 0.6608
527 0.6055
528 0.6205
529 0.6609
530 0.6681
531 0.6782
532 0.6802
533 0.6732
534 0.6643
535 0.667
536 0.6873
537 0.6723
538 0.6729
539 0.6779
540 0.6632
541 0.6506
542 0.6654
543 0.6737
544 0.68
545 0.6866
546 0.6889
547 0.6896
548 0.6821
549 0.6861
550 0.6948
551 0.6919
552 0.695
553 0.6945
554 0.6931
555 0.7007
556 0.6979
557 0.6841
558 0.6764
559 0.6682
560 0.6598
561 0.6765
562 0.6833
563 0.676
564 0.68
565 0.6823
566 0.6769
567 0.6779
568 0.6905
569 0.6856
570 0.6844
571 0.6782
572 0.6799
573 0.7069
574 0.7109
575 0.7055
576 0.6957
577 0.6992
578 0.7011
579 0.6922
580 0.6981
581 0.705
582 0.709
583 0.7168
584 0.7181
585 0.7134
586 0.7012
587 0.7005
588 0.7107
589 0.6841
590 0.6556
591 0.6878
592 0.7047
593 0.7069
594 0.7065
595 0.7094
596 0.7069
597 0.7124
598 0.7122
599 0.7063
600 0.7086
601 0.7048
602 0.6972
603 0.7009
604 0.7144
605 0.7177
606 0.7144
607 0.7124
608 0.7102
609 0.7041
610 0.7009
611 0.7019
612 0.7037
613 0.7011
614 0.6929
615 0.6931
616 0.6882
617 0.676
618 0.6872
619 0.6981
620 0.7031
621 0.7101
622 0.7059
623 0.7021
624 0.6989
625 0.6932
626 0.6914
627 0.7056
628 0.7149
629 0.7159
630 0.7084
631 0.7057
632 0.6962
633 0.7054
634 0.7022
635 0.7052
636 0.7055
637 0.7043
638 0.7146
639 0.7149
640 0.7012
641 0.6963
642 0.694
643 0.702
644 0.7002
645 0.7018
646 0.6964
647 0.6979
648 0.7034
649 0.702
650 0.6817
651 0.7065
652 0.7107
653 0.701
654 0.6958
655 0.6854
656 0.6407
657 0.5893
658 0.6526
659 0.6847
660 0.6876
661 0.694
662 0.6985
663 0.6967
664 0.6888
665 0.6912
666 0.6935
667 0.69
668 0.6887
669 0.6936
670 0.6923
671 0.6902
672 0.6874
673 0.6857
674 0.6849
675 0.6841
676 0.6834
677 0.6828
678 0.6822
679 0.6817
680 0.6813
681 0.681
682 0.6808
683 0.6806
684 0.6805
685 0.6805
686 0.6806
687 0.6807
688 0.6809
689 0.6824
690 0.6864
691 0.6879
692 0.6847
693 0.6827
694 0.6842
695 0.6808
696 0.6805
697 0.6829
698 0.674
699 0.6826
700 0.6848
701 0.6758
702 0.6718
703 0.675
704 0.6785
705 0.6859
706 0.6818
707 0.6739
708 0.675
709 0.6693
710 0.6651
711 0.6681
712 0.6592
713 0.6571
714 0.6588
715 0.6578
716 0.6556
717 0.6588
718 0.6583
719 0.6501
720 0.6506
721 0.6522
722 0.6528
723 0.6523
724 0.6553
725 0.6539
726 0.6487
727 0.6508
728 0.6498
729 0.6381
730 0.6357
731 0.6477
732 0.6465
733 0.6463
734 0.6467
735 0.6472
736 0.6407
737 0.639
738 0.6385
739 0.6244
740 0.6256
741 0.6224
742 0.618
743 0.6276
744 0.6371
745 0.6309
746 0.6379
747 0.6357
748 0.6382
749 0.6347
750 0.6278
