# Top-of-atmosphere (TOA) lunar irradiance from Miller and Turner (2009)
# First column wavelength (nm), second column TOA irradiance# Lunar phase angle: 95
# Irradiance units: mW/m^2-micrometer

300 0.06738
301 0.0501
302 0.06309
303 0.06029
304 0.08527
305 0.07942
306 0.08108
307 0.075
308 0.08723
309 0.08798
310 0.06718
311 0.08926
312 0.1059
313 0.09197
314 0.09978
315 0.09169
316 0.09441
317 0.0863
318 0.1202
319 0.09243
320 0.1019
321 0.1259
322 0.09984
323 0.1046
324 0.09759
325 0.117
326 0.131
327 0.1494
328 0.145
329 0.1348
330 0.1657
331 0.153
332 0.1515
333 0.1471
334 0.1409
335 0.1507
336 0.1536
337 0.1216
338 0.1335
339 0.1434
340 0.1493
341 0.1649
342 0.1446
343 0.1609
344 0.1618
345 0.1167
346 0.1593
347 0.1479
348 0.1467
349 0.153
350 0.1379
351 0.1823
352 0.1627
353 0.1457
354 0.1759
355 0.1871
356 0.1755
357 0.1569
358 0.1425
359 0.1064
360 0.1821
361 0.1718
362 0.1523
363 0.1741
364 0.1644
365 0.1774
366 0.2037
367 0.2169
368 0.2092
369 0.1866
370 0.2197
371 0.1948
372 0.2253
373 0.1862
374 0.1608
375 0.164
376 0.1972
377 0.1936
378 0.2333
379 0.2505
380 0.1916
381 0.2243
382 0.2039
383 0.1463
384 0.1219
385 0.1769
386 0.1861
387 0.1885
388 0.1842
389 0.1772
390 0.2266
391 0.2319
392 0.27
393 0.2042
394 0.08896
395 0.206
396 0.2665
397 0.1417
398 0.1593
399 0.3037
400 0.3267
401 0.3282
402 0.3571
403 0.3628
404 0.3554
405 0.3473
406 0.3377
407 0.3289
408 0.3336
409 0.3383
410 0.3412
411 0.3162
412 0.3291
413 0.3421
414 0.3552
415 0.3566
416 0.3576
417 0.3622
418 0.3551
419 0.3549
420 0.3553
421 0.3641
422 0.3712
423 0.3585
424 0.3542
425 0.363
426 0.3605
427 0.359
428 0.3458
429 0.3457
430 0.3138
431 0.262
432 0.3248
433 0.359
434 0.3544
435 0.3472
436 0.3733
437 0.3943
438 0.3823
439 0.3677
440 0.3832
441 0.4
442 0.4154
443 0.4282
444 0.4296
445 0.4302
446 0.4232
447 0.4206
448 0.4455
449 0.4512
450 0.456
451 0.4767
452 0.4791
453 0.4569
454 0.4455
455 0.4662
456 0.4696
457 0.4827
458 0.4831
459 0.4715
460 0.4689
461 0.4765
462 0.4843
463 0.4893
464 0.4841
465 0.4737
466 0.474
467 0.4706
468 0.4684
469 0.477
470 0.4738
471 0.4673
472 0.4792
473 0.4942
474 0.4882
475 0.4992
476 0.4992
477 0.4928
478 0.506
479 0.5062
480 0.5062
481 0.5041
482 0.5082
483 0.504
484 0.4978
485 0.4922
486 0.4482
487 0.4236
488 0.4589
489 0.4736
490 0.4933
491 0.5008
492 0.4836
493 0.4828
494 0.489
495 0.5011
496 0.5017
497 0.5003
498 0.4967
499 0.4889
500 0.4885
501 0.4811
502 0.4719
503 0.4823
504 0.4919
505 0.4903
506 0.5087
507 0.517
508 0.5099
509 0.5027
510 0.4952
511 0.4901
512 0.5002
513 0.4952
514 0.4837
515 0.478
516 0.4856
517 0.4525
518 0.4259
519 0.4424
520 0.474
521 0.4832
522 0.4925
523 0.483
524 0.492
525 0.5073
526 0.5022
527 0.4602
528 0.4716
529 0.5023
530 0.5077
531 0.5154
532 0.5169
533 0.5116
534 0.5049
535 0.5069
536 0.5224
537 0.511
538 0.5114
539 0.5153
540 0.5041
541 0.4945
542 0.5058
543 0.5121
544 0.5169
545 0.5219
546 0.5236
547 0.5242
548 0.5185
549 0.5215
550 0.5282
551 0.526
552 0.5284
553 0.528
554 0.5269
555 0.5327
556 0.5306
557 0.5201
558 0.5143
559 0.508
560 0.5017
561 0.5143
562 0.5195
563 0.514
564 0.517
565 0.5188
566 0.5147
567 0.5155
568 0.525
569 0.5213
570 0.5204
571 0.5157
572 0.517
573 0.5376
574 0.5406
575 0.5365
576 0.5291
577 0.5317
578 0.5332
579 0.5264
580 0.5309
581 0.5362
582 0.5392
583 0.5451
584 0.5461
585 0.5426
586 0.5334
587 0.5328
588 0.5406
589 0.5203
590 0.4987
591 0.5232
592 0.536
593 0.5377
594 0.5374
595 0.5396
596 0.5377
597 0.5419
598 0.5418
599 0.5373
600 0.539
601 0.5362
602 0.5304
603 0.5332
604 0.5435
605 0.546
606 0.5435
607 0.542
608 0.5403
609 0.5357
610 0.5333
611 0.534
612 0.5354
613 0.5334
614 0.5273
615 0.5274
616 0.5237
617 0.5144
618 0.5229
619 0.5312
620 0.535
621 0.5404
622 0.5372
623 0.5343
624 0.5318
625 0.5275
626 0.5261
627 0.537
628 0.5441
629 0.5449
630 0.5391
631 0.5371
632 0.5299
633 0.5369
634 0.5344
635 0.5367
636 0.537
637 0.5361
638 0.544
639 0.5441
640 0.5337
641 0.53
642 0.5283
643 0.5344
644 0.533
645 0.5342
646 0.5301
647 0.5312
648 0.5355
649 0.5344
650 0.519
651 0.5378
652 0.541
653 0.5337
654 0.5297
655 0.5218
656 0.4878
657 0.4486
658 0.4969
659 0.5213
660 0.5235
661 0.5284
662 0.5319
663 0.5305
664 0.5245
665 0.5263
666 0.528
667 0.5254
668 0.5244
669 0.5282
670 0.5272
671 0.5256
672 0.5234
673 0.5222
674 0.5216
675 0.521
676 0.5205
677 0.52
678 0.5196
679 0.5192
680 0.5189
681 0.5187
682 0.5185
683 0.5184
684 0.5183
685 0.5183
686 0.5184
687 0.5185
688 0.5187
689 0.5198
690 0.5228
691 0.524
692 0.5216
693 0.5201
694 0.5212
695 0.5186
696 0.5184
697 0.5203
698 0.5135
699 0.52
700 0.5217
701 0.5149
702 0.5118
703 0.5142
704 0.517
705 0.5225
706 0.5195
707 0.5134
708 0.5143
709 0.51
710 0.5068
711 0.509
712 0.5023
713 0.5007
714 0.502
715 0.5012
716 0.4996
717 0.502
718 0.5017
719 0.4954
720 0.4958
721 0.497
722 0.4975
723 0.4971
724 0.4994
725 0.4984
726 0.4944
727 0.496
728 0.4953
729 0.4864
730 0.4845
731 0.4937
732 0.4928
733 0.4926
734 0.4929
735 0.4933
736 0.4883
737 0.4871
738 0.4867
739 0.476
740 0.4769
741 0.4744
742 0.4711
743 0.4784
744 0.4857
745 0.4809
746 0.4863
747 0.4846
748 0.4865
749 0.4839
750 0.4786
