# Top-of-atmosphere (TOA) lunar irradiance from Miller and Turner (2009) by 10 nm increments
# First column wavelength (nm), second column TOA irradiance# Phase angle = 29
# Units = mW/m^2-micrometer

300 0.001779
310 0.001782
320 0.002716
330 0.004439
340 0.004019
350 0.00373
360 0.004949
370 0.005998
380 0.005256
390 0.006246
400 0.00905
410 0.009499
420 0.009939
430 0.008819
440 0.01082
450 0.01294
460 0.01337
470 0.01358
480 0.01457
490 0.01427
500 0.0142
510 0.01446
520 0.01391
530 0.01497
540 0.01494
550 0.01573
560 0.01501
570 0.01565
580 0.01604
590 0.01514
600 0.01644
610 0.01635
620 0.01648
630 0.01668
640 0.0166
650 0.01622
660 0.01644
670 0.01663
680 0.01645
690 0.01665
700 0.0167
710 0.0163
720 0.01602
730 0.01573
740 0.01556
750 0.01569
