# Top-of-atmosphere (TOA) lunar irradiance from Miller and Turner (2009) by 10 nm increments
# First column wavelength (nm), second column TOA irradiance# Phase angle = 27
# Units = mW/m^2-micrometer

300 0.001531
310 0.001533
320 0.002337
330 0.00382
340 0.003458
350 0.003209
360 0.004258
370 0.005162
380 0.004523
390 0.005376
400 0.007789
410 0.008176
420 0.008554
430 0.007591
440 0.009315
450 0.01114
460 0.01151
470 0.01169
480 0.01255
490 0.01229
500 0.01223
510 0.01245
520 0.01198
530 0.01289
540 0.01286
550 0.01354
560 0.01293
570 0.01347
580 0.01381
590 0.01304
600 0.01416
610 0.01408
620 0.01419
630 0.01437
640 0.0143
650 0.01397
660 0.01416
670 0.01433
680 0.01417
690 0.01435
700 0.01438
710 0.01404
720 0.0138
730 0.01355
740 0.01341
750 0.01352
