# Top-of-atmosphere (TOA) lunar irradiance from Miller and Turner (2009)
# First column wavelength (nm), second column TOA irradiance# Lunar phase angle: 40
# Irradiance units: mW/m^2-micrometer

300 0.003987
301 0.002966
302 0.003736
303 0.003572
304 0.005054
305 0.004709
306 0.00481
307 0.004451
308 0.005178
309 0.005225
310 0.003992
311 0.005305
312 0.006297
313 0.005471
314 0.005938
315 0.005459
316 0.005623
317 0.005142
318 0.007163
319 0.005511
320 0.006077
321 0.00751
322 0.005961
323 0.00625
324 0.005831
325 0.006991
326 0.007834
327 0.008935
328 0.008678
329 0.008072
330 0.009926
331 0.009168
332 0.009083
333 0.008818
334 0.008452
335 0.009045
336 0.009224
337 0.007305
338 0.008024
339 0.008617
340 0.008978
341 0.009921
342 0.008703
343 0.009688
344 0.009743
345 0.007032
346 0.009602
347 0.008916
348 0.00885
349 0.009232
350 0.008326
351 0.01101
352 0.009828
353 0.008808
354 0.01063
355 0.01132
356 0.01062
357 0.009499
358 0.008632
359 0.006448
360 0.01104
361 0.01042
362 0.009237
363 0.01057
364 0.009983
365 0.01078
366 0.01238
367 0.01318
368 0.01272
369 0.01136
370 0.01337
371 0.01186
372 0.01372
373 0.01134
374 0.009799
375 0.01
376 0.01203
377 0.01181
378 0.01424
379 0.0153
380 0.01171
381 0.01371
382 0.01247
383 0.00895
384 0.007463
385 0.01083
386 0.0114
387 0.01155
388 0.01129
389 0.01086
390 0.0139
391 0.01423
392 0.01658
393 0.01254
394 0.005466
395 0.01266
396 0.01639
397 0.008717
398 0.009805
399 0.0187
400 0.02012
401 0.02023
402 0.02202
403 0.02237
404 0.02192
405 0.02144
406 0.02085
407 0.02032
408 0.02061
409 0.02091
410 0.0211
411 0.01956
412 0.02037
413 0.02118
414 0.022
415 0.0221
416 0.02217
417 0.02246
418 0.02203
419 0.02203
420 0.02206
421 0.02262
422 0.02307
423 0.02229
424 0.02203
425 0.02258
426 0.02244
427 0.02236
428 0.02154
429 0.02154
430 0.01956
431 0.01634
432 0.02026
433 0.02241
434 0.02213
435 0.02169
436 0.02333
437 0.02465
438 0.02391
439 0.023
440 0.02398
441 0.02505
442 0.02602
443 0.02684
444 0.02694
445 0.02698
446 0.02655
447 0.0264
448 0.02797
449 0.02834
450 0.02866
451 0.02997
452 0.03014
453 0.02875
454 0.02804
455 0.02936
456 0.02958
457 0.03042
458 0.03046
459 0.02974
460 0.02959
461 0.03008
462 0.03058
463 0.03091
464 0.0306
465 0.02995
466 0.02998
467 0.02978
468 0.02965
469 0.03021
470 0.03002
471 0.02962
472 0.03038
473 0.03135
474 0.03098
475 0.03169
476 0.03171
477 0.03131
478 0.03216
479 0.03219
480 0.0322
481 0.03208
482 0.03235
483 0.03209
484 0.03172
485 0.03137
486 0.02858
487 0.02702
488 0.02928
489 0.03023
490 0.0315
491 0.03199
492 0.03091
493 0.03087
494 0.03128
495 0.03207
496 0.03212
497 0.03204
498 0.03182
499 0.03134
500 0.03132
501 0.03086
502 0.03028
503 0.03096
504 0.03159
505 0.0315
506 0.0327
507 0.03325
508 0.0328
509 0.03235
510 0.03188
511 0.03157
512 0.03223
513 0.03192
514 0.03119
515 0.03083
516 0.03134
517 0.02922
518 0.02751
519 0.02859
520 0.03064
521 0.03124
522 0.03186
523 0.03126
524 0.03185
525 0.03286
526 0.03254
527 0.02983
528 0.03058
529 0.03258
530 0.03295
531 0.03346
532 0.03357
533 0.03324
534 0.03282
535 0.03296
536 0.03398
537 0.03326
538 0.0333
539 0.03356
540 0.03285
541 0.03224
542 0.03298
543 0.03341
544 0.03373
545 0.03407
546 0.0342
547 0.03425
548 0.0339
549 0.0341
550 0.03456
551 0.03442
552 0.03459
553 0.03458
554 0.03453
555 0.03492
556 0.03479
557 0.03412
558 0.03375
559 0.03336
560 0.03295
561 0.0338
562 0.03415
563 0.0338
564 0.03401
565 0.03414
566 0.03389
567 0.03395
568 0.0346
569 0.03437
570 0.03432
571 0.03402
572 0.03412
573 0.03549
574 0.03571
575 0.03545
576 0.03497
577 0.03516
578 0.03528
579 0.03484
580 0.03515
581 0.03552
582 0.03573
583 0.03614
584 0.03622
585 0.036
586 0.0354
587 0.03538
588 0.03591
589 0.03458
590 0.03315
591 0.03479
592 0.03566
593 0.03579
594 0.03578
595 0.03595
596 0.03583
597 0.03613
598 0.03613
599 0.03585
600 0.03598
601 0.0358
602 0.03543
603 0.03563
604 0.03633
605 0.03652
606 0.03636
607 0.03628
608 0.03618
609 0.03589
610 0.03574
611 0.0358
612 0.03591
613 0.03579
614 0.03539
615 0.03541
616 0.03518
617 0.03457
618 0.03516
619 0.03573
620 0.036
621 0.03637
622 0.03617
623 0.03599
624 0.03584
625 0.03557
626 0.03549
627 0.03623
628 0.03673
629 0.03679
630 0.03642
631 0.0363
632 0.03582
633 0.03631
634 0.03616
635 0.03633
636 0.03636
637 0.03631
638 0.03686
639 0.03689
640 0.0362
641 0.03596
642 0.03586
643 0.03629
644 0.03621
645 0.03631
646 0.03604
647 0.03613
648 0.03644
649 0.03638
650 0.03534
651 0.03664
652 0.03687
653 0.03639
654 0.03613
655 0.03561
656 0.0333
657 0.03064
658 0.03395
659 0.03563
660 0.03579
661 0.03614
662 0.03639
663 0.03631
664 0.03592
665 0.03606
666 0.03619
667 0.03603
668 0.03597
669 0.03624
670 0.03619
671 0.03609
672 0.03596
673 0.03589
674 0.03586
675 0.03584
676 0.03581
677 0.0358
678 0.03578
679 0.03577
680 0.03576
681 0.03576
682 0.03577
683 0.03577
684 0.03578
685 0.0358
686 0.03582
687 0.03584
688 0.03586
689 0.03596
690 0.03618
691 0.03628
692 0.03612
693 0.03603
694 0.03613
695 0.03596
696 0.03596
697 0.0361
698 0.03565
699 0.03612
700 0.03625
701 0.03579
702 0.03559
703 0.03577
704 0.03598
705 0.03638
706 0.03618
707 0.03577
708 0.03585
709 0.03556
710 0.03535
711 0.03552
712 0.03507
713 0.03497
714 0.03507
715 0.03503
716 0.03494
717 0.03512
718 0.03511
719 0.03468
720 0.03473
721 0.03482
722 0.03487
723 0.03486
724 0.03503
725 0.03498
726 0.03471
727 0.03484
728 0.0348
729 0.03419
730 0.03407
731 0.03473
732 0.03468
733 0.03468
734 0.03472
735 0.03476
736 0.03442
737 0.03435
738 0.03433
739 0.03359
740 0.03367
741 0.03351
742 0.03329
743 0.03382
744 0.03435
745 0.03402
746 0.03442
747 0.03431
748 0.03446
749 0.03429
750 0.03393
