# Top-of-atmosphere (TOA) lunar irradiance from Miller and Turner (2009)
# First column wavelength (nm), second column TOA irradiance# Lunar phase angle: 48
# Irradiance units: mW/m^2-micrometer

300 0.006751
301 0.005021
302 0.006325
303 0.006046
304 0.008555
305 0.00797
306 0.00814
307 0.007532
308 0.008762
309 0.008841
310 0.006753
311 0.008975
312 0.01065
313 0.009254
314 0.01004
315 0.009232
316 0.009509
317 0.008695
318 0.01211
319 0.009318
320 0.01027
321 0.0127
322 0.01008
323 0.01056
324 0.009855
325 0.01181
326 0.01324
327 0.0151
328 0.01466
329 0.01364
330 0.01677
331 0.01549
332 0.01534
333 0.01489
334 0.01427
335 0.01527
336 0.01558
337 0.01234
338 0.01355
339 0.01455
340 0.01516
341 0.01675
342 0.01469
343 0.01635
344 0.01644
345 0.01187
346 0.0162
347 0.01504
348 0.01493
349 0.01558
350 0.01405
351 0.01857
352 0.01658
353 0.01486
354 0.01794
355 0.01909
356 0.01791
357 0.01602
358 0.01455
359 0.01087
360 0.01861
361 0.01756
362 0.01557
363 0.01781
364 0.01682
365 0.01816
366 0.02086
367 0.02221
368 0.02143
369 0.01913
370 0.02252
371 0.01998
372 0.02312
373 0.01911
374 0.0165
375 0.01685
376 0.02026
377 0.01989
378 0.02398
379 0.02576
380 0.0197
381 0.02308
382 0.02099
383 0.01506
384 0.01256
385 0.01822
386 0.01918
387 0.01944
388 0.019
389 0.01828
390 0.02338
391 0.02394
392 0.02788
393 0.0211
394 0.009193
395 0.02129
396 0.02756
397 0.01466
398 0.01648
399 0.03143
400 0.03382
401 0.034
402 0.037
403 0.0376
404 0.03684
405 0.03602
406 0.03503
407 0.03414
408 0.03463
409 0.03513
410 0.03545
411 0.03286
412 0.03421
413 0.03558
414 0.03695
415 0.03711
416 0.03722
417 0.03772
418 0.03698
419 0.03698
420 0.03703
421 0.03796
422 0.03871
423 0.03741
424 0.03697
425 0.03789
426 0.03765
427 0.03751
428 0.03614
429 0.03614
430 0.03281
431 0.02741
432 0.03399
433 0.03758
434 0.03711
435 0.03636
436 0.03911
437 0.04133
438 0.04009
439 0.03856
440 0.0402
441 0.04198
442 0.04361
443 0.04498
444 0.04514
445 0.04521
446 0.04448
447 0.04423
448 0.04686
449 0.04748
450 0.048
451 0.0502
452 0.05047
453 0.04814
454 0.04696
455 0.04915
456 0.04953
457 0.05092
458 0.05099
459 0.04978
460 0.04952
461 0.05034
462 0.05118
463 0.05172
464 0.05119
465 0.05011
466 0.05016
467 0.04981
468 0.0496
469 0.05053
470 0.05021
471 0.04953
472 0.0508
473 0.05242
474 0.0518
475 0.05298
476 0.05301
477 0.05234
478 0.05376
479 0.0538
480 0.05382
481 0.05361
482 0.05407
483 0.05363
484 0.05299
485 0.05242
486 0.04774
487 0.04514
488 0.04891
489 0.0505
490 0.05262
491 0.05343
492 0.05161
493 0.05155
494 0.05223
495 0.05354
496 0.05362
497 0.05348
498 0.05312
499 0.0523
500 0.05228
501 0.0515
502 0.05053
503 0.05167
504 0.0527
505 0.05255
506 0.05455
507 0.05546
508 0.05471
509 0.05396
510 0.05316
511 0.05264
512 0.05374
513 0.05323
514 0.052
515 0.0514
516 0.05224
517 0.0487
518 0.04585
519 0.04764
520 0.05106
521 0.05206
522 0.05309
523 0.05208
524 0.05307
525 0.05474
526 0.0542
527 0.04968
528 0.05093
529 0.05427
530 0.05487
531 0.05573
532 0.0559
533 0.05535
534 0.05464
535 0.05488
536 0.05657
537 0.05536
538 0.05542
539 0.05586
540 0.05466
541 0.05364
542 0.05488
543 0.05559
544 0.05612
545 0.05669
546 0.05689
547 0.05697
548 0.05638
549 0.05672
550 0.05747
551 0.05724
552 0.05752
553 0.0575
554 0.0574
555 0.05805
556 0.05784
557 0.05672
558 0.05609
559 0.05544
560 0.05476
561 0.05616
562 0.05674
563 0.05616
564 0.05651
565 0.05672
566 0.05629
567 0.05639
568 0.05746
569 0.05707
570 0.05699
571 0.05649
572 0.05666
573 0.05893
574 0.05928
575 0.05885
576 0.05805
577 0.05837
578 0.05855
579 0.05782
580 0.05834
581 0.05893
582 0.05929
583 0.05995
584 0.06008
585 0.05972
586 0.05872
587 0.05867
588 0.05955
589 0.05734
590 0.05497
591 0.05769
592 0.05913
593 0.05933
594 0.05932
595 0.05959
596 0.05939
597 0.05988
598 0.05988
599 0.05941
600 0.05962
601 0.05932
602 0.0587
603 0.05903
604 0.06019
605 0.06049
606 0.06023
607 0.06008
608 0.05992
609 0.05943
610 0.05918
611 0.05928
612 0.05945
613 0.05925
614 0.05858
615 0.05861
616 0.05822
617 0.05721
618 0.05818
619 0.05912
620 0.05957
621 0.06018
622 0.05984
623 0.05955
624 0.05929
625 0.05883
626 0.05869
627 0.05992
628 0.06073
629 0.06084
630 0.06022
631 0.06001
632 0.05922
633 0.06003
634 0.05978
635 0.06005
636 0.0601
637 0.06002
638 0.06092
639 0.06096
640 0.05981
641 0.05942
642 0.05924
643 0.05994
644 0.05981
645 0.05997
646 0.05953
647 0.05967
648 0.06017
649 0.06007
650 0.05836
651 0.06049
652 0.06087
653 0.06006
654 0.05964
655 0.05877
656 0.05496
657 0.05056
658 0.05602
659 0.05879
660 0.05906
661 0.05963
662 0.06004
663 0.0599
664 0.05925
665 0.05947
666 0.05969
667 0.05941
668 0.05932
669 0.05976
670 0.05967
671 0.0595
672 0.05928
673 0.05916
674 0.05911
675 0.05906
676 0.05902
677 0.05899
678 0.05896
679 0.05894
680 0.05892
681 0.05892
682 0.05892
683 0.05892
684 0.05893
685 0.05896
686 0.05898
687 0.05901
688 0.05905
689 0.0592
690 0.05957
691 0.05972
692 0.05947
693 0.05931
694 0.05946
695 0.05918
696 0.05918
697 0.05941
698 0.05865
699 0.05942
700 0.05963
701 0.05887
702 0.05854
703 0.05884
704 0.05917
705 0.05983
706 0.05949
707 0.05882
708 0.05894
709 0.05846
710 0.05812
711 0.0584
712 0.05765
713 0.05747
714 0.05765
715 0.05758
716 0.05741
717 0.05771
718 0.05768
719 0.05698
720 0.05705
721 0.0572
722 0.05728
723 0.05725
724 0.05754
725 0.05744
726 0.057
727 0.0572
728 0.05714
729 0.05613
730 0.05593
731 0.05701
732 0.05692
733 0.05693
734 0.05698
735 0.05704
736 0.05649
737 0.05636
738 0.05633
739 0.05511
740 0.05523
741 0.05497
742 0.0546
743 0.05547
744 0.05633
745 0.0558
746 0.05643
747 0.05626
748 0.0565
749 0.05621
750 0.05562
