# Top-of-atmosphere (TOA) lunar irradiance from Miller and Turner (2009) by 10 nm increments
# First column wavelength (nm), second column TOA irradiance# Phase angle = 106
# Units = mW/m^2-micrometer

300 0.09415
310 0.09386
320 0.1423
330 0.2315
340 0.2085
350 0.1925
360 0.2542
370 0.3066
380 0.2673
390 0.3161
400 0.4557
410 0.4759
420 0.4955
430 0.4375
440 0.5342
450 0.6356
460 0.6534
470 0.6602
480 0.7052
490 0.6871
500 0.6804
510 0.6895
520 0.6599
530 0.7067
540 0.7016
550 0.735
560 0.6979
570 0.7239
580 0.7384
590 0.6935
600 0.7494
610 0.7414
620 0.7436
630 0.7492
640 0.7416
650 0.721
660 0.7271
670 0.7321
680 0.7205
690 0.7259
700 0.7241
710 0.7034
720 0.688
730 0.6722
740 0.6615
750 0.6638
