# Top-of-atmosphere (TOA) lunar irradiance from Miller and Turner (2009) by 10 nm increments
# First column wavelength (nm), second column TOA irradiance# Phase angle = 18
# Units = mW/m^2-micrometer

300 0.0007818
310 0.0007832
320 0.001193
330 0.001951
340 0.001766
350 0.001639
360 0.002174
370 0.002635
380 0.002309
390 0.002744
400 0.003975
410 0.004172
420 0.004365
430 0.003873
440 0.004753
450 0.005683
460 0.005872
470 0.005962
480 0.0064
490 0.006266
500 0.006235
510 0.00635
520 0.006107
530 0.006573
540 0.006558
550 0.006904
560 0.006589
570 0.006868
580 0.00704
590 0.006644
600 0.007216
610 0.007173
620 0.007231
630 0.007321
640 0.007282
650 0.007115
660 0.007211
670 0.007297
680 0.007216
690 0.007306
700 0.007325
710 0.007149
720 0.007028
730 0.0069
740 0.006824
750 0.006882
