# Top-of-atmosphere (TOA) lunar irradiance from Miller and Turner (2009) by 10 nm increments
# First column wavelength (nm), second column TOA irradiance# Phase angle = 60
# Units = mW/m^2-micrometer

300 0.0145
310 0.01449
320 0.02201
330 0.03588
340 0.03239
350 0.02998
360 0.03966
370 0.04794
380 0.04189
390 0.04964
400 0.07171
410 0.07506
420 0.07831
430 0.06929
440 0.08478
450 0.1011
460 0.1042
470 0.1055
480 0.1129
490 0.1102
500 0.1094
510 0.1111
520 0.1065
530 0.1143
540 0.1138
550 0.1194
560 0.1137
570 0.1181
580 0.1208
590 0.1136
600 0.1231
610 0.122
620 0.1227
630 0.1238
640 0.1228
650 0.1197
660 0.121
670 0.1221
680 0.1204
690 0.1215
700 0.1215
710 0.1183
720 0.1159
730 0.1135
740 0.1119
750 0.1126
