# Top-of-atmosphere (TOA) lunar irradiance from Miller and Turner (2009)
# First column wavelength (nm), second column TOA irradiance# Lunar phase angle: 47
# Irradiance units: mW/m^2-micrometer

300 0.006321
301 0.004702
302 0.005922
303 0.005661
304 0.00801
305 0.007463
306 0.007622
307 0.007053
308 0.008205
309 0.008279
310 0.006324
311 0.008404
312 0.009974
313 0.008666
314 0.009405
315 0.008645
316 0.008904
317 0.008142
318 0.01134
319 0.008726
320 0.009621
321 0.01189
322 0.009436
323 0.009893
324 0.009229
325 0.01106
326 0.0124
327 0.01414
328 0.01373
329 0.01277
330 0.01571
331 0.01451
332 0.01437
333 0.01395
334 0.01337
335 0.01431
336 0.01459
337 0.01155
338 0.01269
339 0.01363
340 0.0142
341 0.01569
342 0.01376
343 0.01532
344 0.0154
345 0.01112
346 0.01518
347 0.01409
348 0.01399
349 0.01459
350 0.01316
351 0.01739
352 0.01553
353 0.01392
354 0.0168
355 0.01788
356 0.01678
357 0.015
358 0.01363
359 0.01018
360 0.01743
361 0.01645
362 0.01459
363 0.01668
364 0.01576
365 0.01702
366 0.01954
367 0.02081
368 0.02008
369 0.01792
370 0.0211
371 0.01872
372 0.02166
373 0.0179
374 0.01546
375 0.01578
376 0.01898
377 0.01864
378 0.02247
379 0.02414
380 0.01846
381 0.02163
382 0.01967
383 0.01411
384 0.01177
385 0.01707
386 0.01798
387 0.01821
388 0.0178
389 0.01713
390 0.02191
391 0.02243
392 0.02613
393 0.01977
394 0.008615
395 0.01995
396 0.02582
397 0.01373
398 0.01545
399 0.02946
400 0.0317
401 0.03186
402 0.03468
403 0.03524
404 0.03453
405 0.03376
406 0.03283
407 0.03199
408 0.03246
409 0.03293
410 0.03322
411 0.0308
412 0.03207
413 0.03335
414 0.03463
415 0.03478
416 0.03488
417 0.03535
418 0.03466
419 0.03466
420 0.03471
421 0.03558
422 0.03629
423 0.03506
424 0.03465
425 0.03552
426 0.03529
427 0.03516
428 0.03387
429 0.03387
430 0.03076
431 0.0257
432 0.03186
433 0.03523
434 0.03479
435 0.03409
436 0.03666
437 0.03875
438 0.03758
439 0.03615
440 0.03769
441 0.03936
442 0.04088
443 0.04217
444 0.04232
445 0.04238
446 0.04171
447 0.04147
448 0.04394
449 0.04451
450 0.045
451 0.04706
452 0.04732
453 0.04514
454 0.04403
455 0.04609
456 0.04644
457 0.04775
458 0.04781
459 0.04668
460 0.04643
461 0.0472
462 0.04799
463 0.0485
464 0.048
465 0.04699
466 0.04704
467 0.04671
468 0.04651
469 0.04738
470 0.04708
471 0.04645
472 0.04764
473 0.04916
474 0.04857
475 0.04969
476 0.04971
477 0.04908
478 0.05042
479 0.05045
480 0.05047
481 0.05028
482 0.05071
483 0.0503
484 0.0497
485 0.04916
486 0.04477
487 0.04234
488 0.04588
489 0.04736
490 0.04935
491 0.05011
492 0.04841
493 0.04835
494 0.04899
495 0.05022
496 0.05029
497 0.05017
498 0.04983
499 0.04906
500 0.04904
501 0.04831
502 0.0474
503 0.04846
504 0.04944
505 0.04929
506 0.05117
507 0.05202
508 0.05132
509 0.05062
510 0.04987
511 0.04938
512 0.05041
513 0.04993
514 0.04878
515 0.04822
516 0.04901
517 0.04569
518 0.04301
519 0.0447
520 0.0479
521 0.04884
522 0.0498
523 0.04886
524 0.04978
525 0.05136
526 0.05085
527 0.04661
528 0.04778
529 0.05092
530 0.05148
531 0.05228
532 0.05245
533 0.05193
534 0.05127
535 0.05149
536 0.05308
537 0.05194
538 0.052
539 0.05241
540 0.05129
541 0.05033
542 0.0515
543 0.05216
544 0.05266
545 0.05319
546 0.05339
547 0.05346
548 0.0529
549 0.05323
550 0.05393
551 0.05372
552 0.05398
553 0.05396
554 0.05387
555 0.05448
556 0.05428
557 0.05323
558 0.05264
559 0.05203
560 0.05139
561 0.05271
562 0.05325
563 0.05271
564 0.05303
565 0.05323
566 0.05283
567 0.05293
568 0.05393
569 0.05357
570 0.05349
571 0.05302
572 0.05318
573 0.05531
574 0.05564
575 0.05524
576 0.05449
577 0.05478
578 0.05496
579 0.05428
580 0.05476
581 0.05532
582 0.05565
583 0.05628
584 0.0564
585 0.05606
586 0.05512
587 0.05508
588 0.0559
589 0.05383
590 0.0516
591 0.05416
592 0.05551
593 0.0557
594 0.05569
595 0.05594
596 0.05576
597 0.05621
598 0.05622
599 0.05577
600 0.05597
601 0.0557
602 0.05511
603 0.05542
604 0.05651
605 0.05679
606 0.05655
607 0.05641
608 0.05625
609 0.0558
610 0.05556
611 0.05566
612 0.05582
613 0.05563
614 0.05501
615 0.05504
616 0.05467
617 0.05372
618 0.05463
619 0.05552
620 0.05593
621 0.05651
622 0.05619
623 0.05592
624 0.05567
625 0.05524
626 0.05512
627 0.05627
628 0.05703
629 0.05713
630 0.05655
631 0.05635
632 0.05562
633 0.05638
634 0.05614
635 0.0564
636 0.05644
637 0.05636
638 0.05721
639 0.05725
640 0.05618
641 0.0558
642 0.05564
643 0.0563
644 0.05618
645 0.05632
646 0.05591
647 0.05605
648 0.05651
649 0.05642
650 0.05481
651 0.05682
652 0.05718
653 0.05642
654 0.05602
655 0.0552
656 0.05162
657 0.04749
658 0.05262
659 0.05522
660 0.05547
661 0.05601
662 0.0564
663 0.05627
664 0.05565
665 0.05587
666 0.05607
667 0.05581
668 0.05572
669 0.05614
670 0.05605
671 0.0559
672 0.05569
673 0.05558
674 0.05553
675 0.05549
676 0.05545
677 0.05542
678 0.05539
679 0.05537
680 0.05536
681 0.05535
682 0.05535
683 0.05536
684 0.05537
685 0.05539
686 0.05542
687 0.05545
688 0.05548
689 0.05562
690 0.05597
691 0.05611
692 0.05587
693 0.05573
694 0.05587
695 0.05561
696 0.05561
697 0.05582
698 0.05512
699 0.05584
700 0.05603
701 0.05532
702 0.05501
703 0.05529
704 0.0556
705 0.05622
706 0.05591
707 0.05528
708 0.05539
709 0.05494
710 0.05462
711 0.05488
712 0.05417
713 0.05401
714 0.05417
715 0.05411
716 0.05395
717 0.05423
718 0.05421
719 0.05355
720 0.05362
721 0.05376
722 0.05383
723 0.05381
724 0.05408
725 0.05398
726 0.05357
727 0.05377
728 0.0537
729 0.05275
730 0.05257
731 0.05358
732 0.0535
733 0.05351
734 0.05356
735 0.05362
736 0.05309
737 0.05298
738 0.05295
739 0.0518
740 0.05192
741 0.05167
742 0.05133
743 0.05214
744 0.05295
745 0.05245
746 0.05305
747 0.05289
748 0.05311
749 0.05285
750 0.05229
