# Top-of-atmosphere (TOA) lunar irradiance from Miller and Turner (2009) by 10 nm increments
# First column wavelength (nm), second column TOA irradiance# Phase angle = 77
# Units = mW/m^2-micrometer

300 0.034
310 0.03392
320 0.05147
330 0.08379
340 0.07554
350 0.06982
360 0.09225
370 0.1114
380 0.09718
390 0.115
400 0.166
410 0.1735
420 0.1808
430 0.1597
440 0.1952
450 0.2324
460 0.2392
470 0.2419
480 0.2586
490 0.2522
500 0.2499
510 0.2535
520 0.2428
530 0.2603
540 0.2586
550 0.2711
560 0.2577
570 0.2675
580 0.2731
590 0.2567
600 0.2776
610 0.2749
620 0.276
630 0.2783
640 0.2757
650 0.2683
660 0.2708
670 0.2729
680 0.2688
690 0.271
700 0.2706
710 0.263
720 0.2575
730 0.2518
740 0.248
750 0.2491
