# Top-of-atmosphere (TOA) lunar irradiance from Miller and Turner (2009)
# First column wavelength (nm), second column TOA irradiance# Lunar phase angle: 24
# Irradiance units: mW/m^2-micrometer

300 0.001221
301 0.0009087
302 0.001145
303 0.001094
304 0.001549
305 0.001443
306 0.001474
307 0.001364
308 0.001587
309 0.001602
310 0.001224
311 0.001627
312 0.001931
313 0.001678
314 0.001821
315 0.001674
316 0.001725
317 0.001577
318 0.002198
319 0.001691
320 0.001865
321 0.002305
322 0.001829
323 0.001918
324 0.00179
325 0.002146
326 0.002405
327 0.002744
328 0.002665
329 0.002479
330 0.003049
331 0.002816
332 0.00279
333 0.002709
334 0.002597
335 0.002779
336 0.002835
337 0.002245
338 0.002466
339 0.002649
340 0.00276
341 0.00305
342 0.002676
343 0.002979
344 0.002996
345 0.002163
346 0.002953
347 0.002743
348 0.002722
349 0.00284
350 0.002562
351 0.003387
352 0.003025
353 0.002711
354 0.003273
355 0.003485
356 0.00327
357 0.002925
358 0.002658
359 0.001986
360 0.003399
361 0.003208
362 0.002845
363 0.003255
364 0.003075
365 0.003321
366 0.003814
367 0.004062
368 0.00392
369 0.0035
370 0.004121
371 0.003656
372 0.004231
373 0.003497
374 0.003021
375 0.003085
376 0.00371
377 0.003643
378 0.004394
379 0.00472
380 0.003611
381 0.004231
382 0.003848
383 0.002762
384 0.002303
385 0.003342
386 0.003519
387 0.003566
388 0.003486
389 0.003354
390 0.004292
391 0.004394
392 0.00512
393 0.003874
394 0.001688
395 0.003911
396 0.005063
397 0.002693
398 0.00303
399 0.005778
400 0.006219
401 0.006251
402 0.006805
403 0.006916
404 0.006778
405 0.006628
406 0.006447
407 0.006283
408 0.006375
409 0.006468
410 0.006528
411 0.006051
412 0.006302
413 0.006554
414 0.006808
415 0.006839
416 0.00686
417 0.006953
418 0.006819
419 0.00682
420 0.00683
421 0.007003
422 0.007142
423 0.006902
424 0.006823
425 0.006994
426 0.00695
427 0.006926
428 0.006673
429 0.006674
430 0.006061
431 0.005065
432 0.00628
433 0.006946
434 0.00686
435 0.006723
436 0.007232
437 0.007644
438 0.007415
439 0.007134
440 0.007438
441 0.007769
442 0.008071
443 0.008326
444 0.008357
445 0.008372
446 0.008239
447 0.008193
448 0.008682
449 0.008798
450 0.008895
451 0.009304
452 0.009356
453 0.008926
454 0.008707
455 0.009116
456 0.009188
457 0.009448
458 0.009462
459 0.009239
460 0.009192
461 0.009346
462 0.009504
463 0.009605
464 0.009509
465 0.009308
466 0.00932
467 0.009257
468 0.009218
469 0.009393
470 0.009335
471 0.00921
472 0.009448
473 0.009751
474 0.009636
475 0.009858
476 0.009864
477 0.009741
478 0.01001
479 0.01002
480 0.01002
481 0.009984
482 0.01007
483 0.009991
484 0.009874
485 0.009769
486 0.008898
487 0.008415
488 0.00912
489 0.009416
490 0.009813
491 0.009967
492 0.00963
493 0.009619
494 0.009747
495 0.009994
496 0.01001
497 0.009986
498 0.00992
499 0.009769
500 0.009766
501 0.009623
502 0.009443
503 0.009657
504 0.009852
505 0.009825
506 0.0102
507 0.01037
508 0.01023
509 0.01009
510 0.009947
511 0.009851
512 0.01006
513 0.009964
514 0.009736
515 0.009626
516 0.009785
517 0.009122
518 0.00859
519 0.008927
520 0.009569
521 0.009759
522 0.009952
523 0.009765
524 0.009951
525 0.01027
526 0.01017
527 0.009322
528 0.009557
529 0.01018
530 0.0103
531 0.01046
532 0.0105
533 0.01039
534 0.01026
535 0.01031
536 0.01063
537 0.0104
538 0.01042
539 0.0105
540 0.01028
541 0.01009
542 0.01032
543 0.01046
544 0.01056
545 0.01067
546 0.01071
547 0.01072
548 0.01061
549 0.01068
550 0.01082
551 0.01078
552 0.01083
553 0.01083
554 0.01082
555 0.01094
556 0.0109
557 0.01069
558 0.01058
559 0.01045
560 0.01033
561 0.01059
562 0.01071
563 0.0106
564 0.01066
565 0.01071
566 0.01063
567 0.01065
568 0.01085
569 0.01078
570 0.01077
571 0.01067
572 0.01071
573 0.01114
574 0.01121
575 0.01113
576 0.01098
577 0.01104
578 0.01107
579 0.01094
580 0.01104
581 0.01115
582 0.01122
583 0.01135
584 0.01138
585 0.01131
586 0.01112
587 0.01111
588 0.01128
589 0.01087
590 0.01042
591 0.01094
592 0.01121
593 0.01125
594 0.01125
595 0.0113
596 0.01127
597 0.01136
598 0.01136
599 0.01127
600 0.01132
601 0.01126
602 0.01115
603 0.01121
604 0.01143
605 0.01149
606 0.01144
607 0.01142
608 0.01139
609 0.0113
610 0.01125
611 0.01127
612 0.01131
613 0.01127
614 0.01115
615 0.01115
616 0.01108
617 0.01089
618 0.01108
619 0.01126
620 0.01134
621 0.01146
622 0.0114
623 0.01134
624 0.0113
625 0.01121
626 0.01119
627 0.01142
628 0.01158
629 0.0116
630 0.01149
631 0.01145
632 0.0113
633 0.01146
634 0.01141
635 0.01146
636 0.01147
637 0.01146
638 0.01163
639 0.01164
640 0.01143
641 0.01135
642 0.01132
643 0.01146
644 0.01143
645 0.01147
646 0.01138
647 0.01141
648 0.01151
649 0.01149
650 0.01117
651 0.01158
652 0.01165
653 0.0115
654 0.01142
655 0.01125
656 0.01053
657 0.009685
658 0.01073
659 0.01127
660 0.01132
661 0.01143
662 0.01151
663 0.01149
664 0.01136
665 0.01141
666 0.01145
667 0.0114
668 0.01138
669 0.01147
670 0.01145
671 0.01142
672 0.01138
673 0.01136
674 0.01135
675 0.01135
676 0.01134
677 0.01134
678 0.01133
679 0.01133
680 0.01133
681 0.01133
682 0.01133
683 0.01133
684 0.01134
685 0.01134
686 0.01135
687 0.01136
688 0.01137
689 0.0114
690 0.01147
691 0.0115
692 0.01145
693 0.01143
694 0.01146
695 0.01141
696 0.01141
697 0.01145
698 0.01131
699 0.01146
700 0.0115
701 0.01136
702 0.0113
703 0.01135
704 0.01142
705 0.01155
706 0.01149
707 0.01136
708 0.01138
709 0.01129
710 0.01123
711 0.01128
712 0.01114
713 0.01111
714 0.01114
715 0.01113
716 0.0111
717 0.01116
718 0.01116
719 0.01102
720 0.01104
721 0.01107
722 0.01109
723 0.01108
724 0.01114
725 0.01112
726 0.01104
727 0.01108
728 0.01107
729 0.01088
730 0.01084
731 0.01105
732 0.01104
733 0.01104
734 0.01105
735 0.01106
736 0.01096
737 0.01094
738 0.01093
739 0.0107
740 0.01072
741 0.01067
742 0.0106
743 0.01077
744 0.01094
745 0.01084
746 0.01096
747 0.01093
748 0.01098
749 0.01093
750 0.01081
