# Top-of-atmosphere (TOA) lunar irradiance from Miller and Turner (2009)
# First column wavelength (nm), second column TOA irradiance# Lunar phase angle: 29
# Irradiance units: mW/m^2-micrometer

300 0.001779
301 0.001324
302 0.001667
303 0.001594
304 0.002256
305 0.002102
306 0.002147
307 0.001987
308 0.002312
309 0.002333
310 0.001782
311 0.002369
312 0.002812
313 0.002444
314 0.002652
315 0.002438
316 0.002512
317 0.002297
318 0.003201
319 0.002463
320 0.002716
321 0.003357
322 0.002664
323 0.002794
324 0.002607
325 0.003125
326 0.003502
327 0.003995
328 0.003881
329 0.00361
330 0.004439
331 0.004101
332 0.004063
333 0.003945
334 0.003781
335 0.004047
336 0.004127
337 0.003269
338 0.003591
339 0.003857
340 0.004019
341 0.004441
342 0.003896
343 0.004337
344 0.004362
345 0.003149
346 0.0043
347 0.003993
348 0.003964
349 0.004135
350 0.00373
351 0.004932
352 0.004403
353 0.003946
354 0.004765
355 0.005074
356 0.00476
357 0.004258
358 0.003869
359 0.002891
360 0.004949
361 0.00467
362 0.004142
363 0.004738
364 0.004477
365 0.004834
366 0.005552
367 0.005914
368 0.005707
369 0.005094
370 0.005998
371 0.005321
372 0.006159
373 0.005091
374 0.004398
375 0.00449
376 0.0054
377 0.005303
378 0.006395
379 0.00687
380 0.005256
381 0.006158
382 0.005601
383 0.00402
384 0.003352
385 0.004865
386 0.005122
387 0.00519
388 0.005073
389 0.004882
390 0.006246
391 0.006396
392 0.007451
393 0.005638
394 0.002457
395 0.005693
396 0.007369
397 0.003919
398 0.004409
399 0.008409
400 0.00905
401 0.009098
402 0.009904
403 0.01007
404 0.009864
405 0.009646
406 0.009382
407 0.009143
408 0.009277
409 0.009413
410 0.009499
411 0.008806
412 0.009171
413 0.009538
414 0.009907
415 0.009952
416 0.009982
417 0.01012
418 0.009922
419 0.009924
420 0.009939
421 0.01019
422 0.01039
423 0.01004
424 0.009928
425 0.01018
426 0.01011
427 0.01008
428 0.00971
429 0.009711
430 0.008819
431 0.007369
432 0.009137
433 0.01011
434 0.009981
435 0.009781
436 0.01052
437 0.01112
438 0.01079
439 0.01038
440 0.01082
441 0.0113
442 0.01174
443 0.01211
444 0.01216
445 0.01218
446 0.01199
447 0.01192
448 0.01263
449 0.0128
450 0.01294
451 0.01353
452 0.01361
453 0.01299
454 0.01267
455 0.01326
456 0.01337
457 0.01374
458 0.01376
459 0.01344
460 0.01337
461 0.01359
462 0.01382
463 0.01397
464 0.01383
465 0.01354
466 0.01356
467 0.01346
468 0.01341
469 0.01366
470 0.01358
471 0.0134
472 0.01374
473 0.01418
474 0.01401
475 0.01434
476 0.01435
477 0.01417
478 0.01456
479 0.01457
480 0.01457
481 0.01452
482 0.01465
483 0.01453
484 0.01436
485 0.01421
486 0.01294
487 0.01224
488 0.01326
489 0.01369
490 0.01427
491 0.01449
492 0.014
493 0.01399
494 0.01417
495 0.01453
496 0.01456
497 0.01452
498 0.01443
499 0.01421
500 0.0142
501 0.01399
502 0.01373
503 0.01404
504 0.01433
505 0.01429
506 0.01483
507 0.01508
508 0.01488
509 0.01468
510 0.01446
511 0.01432
512 0.01463
513 0.01449
514 0.01416
515 0.014
516 0.01423
517 0.01326
518 0.01249
519 0.01298
520 0.01391
521 0.01419
522 0.01447
523 0.0142
524 0.01447
525 0.01493
526 0.01478
527 0.01355
528 0.01389
529 0.01481
530 0.01497
531 0.01521
532 0.01526
533 0.01511
534 0.01492
535 0.01499
536 0.01545
537 0.01512
538 0.01514
539 0.01526
540 0.01494
541 0.01466
542 0.015
543 0.0152
544 0.01535
545 0.0155
546 0.01556
547 0.01559
548 0.01543
549 0.01552
550 0.01573
551 0.01567
552 0.01575
553 0.01574
554 0.01572
555 0.0159
556 0.01584
557 0.01554
558 0.01537
559 0.01519
560 0.01501
561 0.0154
562 0.01556
563 0.0154
564 0.0155
565 0.01556
566 0.01545
567 0.01548
568 0.01577
569 0.01567
570 0.01565
571 0.01551
572 0.01556
573 0.01619
574 0.01629
575 0.01617
576 0.01595
577 0.01604
578 0.01609
579 0.0159
580 0.01604
581 0.01621
582 0.01631
583 0.01649
584 0.01653
585 0.01643
586 0.01616
587 0.01615
588 0.01639
589 0.01579
590 0.01514
591 0.01589
592 0.01629
593 0.01635
594 0.01635
595 0.01642
596 0.01637
597 0.01651
598 0.01651
599 0.01638
600 0.01644
601 0.01636
602 0.01619
603 0.01629
604 0.01661
605 0.0167
606 0.01663
607 0.01659
608 0.01654
609 0.01641
610 0.01635
611 0.01638
612 0.01643
613 0.01637
614 0.01619
615 0.0162
616 0.0161
617 0.01582
618 0.01609
619 0.01635
620 0.01648
621 0.01665
622 0.01656
623 0.01648
624 0.01641
625 0.01629
626 0.01625
627 0.01659
628 0.01682
629 0.01685
630 0.01668
631 0.01663
632 0.01641
633 0.01664
634 0.01657
635 0.01665
636 0.01667
637 0.01665
638 0.0169
639 0.01691
640 0.0166
641 0.01649
642 0.01644
643 0.01664
644 0.01661
645 0.01665
646 0.01653
647 0.01658
648 0.01671
649 0.01669
650 0.01622
651 0.01681
652 0.01692
653 0.0167
654 0.01658
655 0.01634
656 0.01529
657 0.01407
658 0.01559
659 0.01636
660 0.01644
661 0.0166
662 0.01671
663 0.01668
664 0.0165
665 0.01656
666 0.01663
667 0.01655
668 0.01653
669 0.01665
670 0.01663
671 0.01659
672 0.01653
673 0.0165
674 0.01649
675 0.01648
676 0.01647
677 0.01646
678 0.01645
679 0.01645
680 0.01645
681 0.01645
682 0.01645
683 0.01646
684 0.01646
685 0.01647
686 0.01648
687 0.01649
688 0.01651
689 0.01655
690 0.01665
691 0.0167
692 0.01663
693 0.01659
694 0.01663
695 0.01656
696 0.01656
697 0.01663
698 0.01642
699 0.01664
700 0.0167
701 0.01649
702 0.0164
703 0.01648
704 0.01658
705 0.01677
706 0.01667
707 0.01649
708 0.01652
709 0.01639
710 0.0163
711 0.01638
712 0.01617
713 0.01613
714 0.01618
715 0.01616
716 0.01611
717 0.0162
718 0.0162
719 0.016
720 0.01602
721 0.01607
722 0.01609
723 0.01609
724 0.01617
725 0.01614
726 0.01602
727 0.01608
728 0.01607
729 0.01579
730 0.01573
731 0.01604
732 0.01602
733 0.01602
734 0.01604
735 0.01606
736 0.0159
737 0.01587
738 0.01587
739 0.01552
740 0.01556
741 0.01549
742 0.01539
743 0.01563
744 0.01588
745 0.01573
746 0.01591
747 0.01587
748 0.01594
749 0.01586
750 0.01569
