# Top-of-atmosphere (TOA) lunar irradiance from Miller and Turner (2009)
# First column wavelength (nm), second column TOA irradiance# Lunar phase angle: 55
# Irradiance units: mW/m^2-micrometer

300 0.01057
301 0.00786
302 0.0099
303 0.009463
304 0.01339
305 0.01247
306 0.01274
307 0.01178
308 0.01371
309 0.01383
310 0.01056
311 0.01404
312 0.01666
313 0.01447
314 0.01571
315 0.01444
316 0.01487
317 0.01359
318 0.01893
319 0.01457
320 0.01606
321 0.01984
322 0.01575
323 0.01651
324 0.0154
325 0.01846
326 0.02068
327 0.02359
328 0.02291
329 0.0213
330 0.02619
331 0.02419
332 0.02396
333 0.02326
334 0.02229
335 0.02385
336 0.02432
337 0.01926
338 0.02115
339 0.02271
340 0.02366
341 0.02614
342 0.02293
343 0.02552
344 0.02566
345 0.01852
346 0.02528
347 0.02347
348 0.02329
349 0.02429
350 0.02191
351 0.02896
352 0.02585
353 0.02316
354 0.02796
355 0.02976
356 0.02792
357 0.02497
358 0.02269
359 0.01694
360 0.029
361 0.02736
362 0.02426
363 0.02775
364 0.02621
365 0.0283
366 0.03249
367 0.0346
368 0.03338
369 0.02979
370 0.03507
371 0.0311
372 0.03599
373 0.02975
374 0.02569
375 0.02622
376 0.03153
377 0.03096
378 0.03732
379 0.04009
380 0.03066
381 0.03592
382 0.03266
383 0.02344
384 0.01954
385 0.02835
386 0.02984
387 0.03023
388 0.02954
389 0.02842
390 0.03636
391 0.03722
392 0.04335
393 0.03279
394 0.01429
395 0.0331
396 0.04283
397 0.02278
398 0.02562
399 0.04884
400 0.05255
401 0.05282
402 0.05749
403 0.05841
404 0.05723
405 0.05595
406 0.05441
407 0.05301
408 0.05378
409 0.05455
410 0.05504
411 0.05101
412 0.05311
413 0.05522
414 0.05735
415 0.05759
416 0.05776
417 0.05853
418 0.05738
419 0.05738
420 0.05745
421 0.05889
422 0.06005
423 0.05802
424 0.05734
425 0.05877
426 0.05838
427 0.05816
428 0.05603
429 0.05602
430 0.05087
431 0.04249
432 0.05268
433 0.05824
434 0.05752
435 0.05635
436 0.0606
437 0.06404
438 0.06211
439 0.05974
440 0.06227
441 0.06503
442 0.06754
443 0.06965
444 0.0699
445 0.07001
446 0.06888
447 0.06848
448 0.07255
449 0.0735
450 0.0743
451 0.07769
452 0.07811
453 0.0745
454 0.07266
455 0.07606
456 0.07663
457 0.07879
458 0.07888
459 0.07701
460 0.0766
461 0.07786
462 0.07916
463 0.07998
464 0.07916
465 0.07747
466 0.07755
467 0.07701
468 0.07667
469 0.07811
470 0.0776
471 0.07655
472 0.07851
473 0.08101
474 0.08003
475 0.08186
476 0.08189
477 0.08085
478 0.08304
479 0.08309
480 0.08311
481 0.08279
482 0.08349
483 0.08281
484 0.08182
485 0.08092
486 0.0737
487 0.06968
488 0.0755
489 0.07793
490 0.0812
491 0.08245
492 0.07964
493 0.07954
494 0.08058
495 0.0826
496 0.08271
497 0.08249
498 0.08193
499 0.08066
500 0.08062
501 0.07942
502 0.07792
503 0.07966
504 0.08125
505 0.08101
506 0.08408
507 0.08548
508 0.08432
509 0.08315
510 0.08192
511 0.08111
512 0.0828
513 0.082
514 0.08011
515 0.07918
516 0.08047
517 0.075
518 0.07061
519 0.07337
520 0.07862
521 0.08016
522 0.08173
523 0.08018
524 0.08168
525 0.08426
526 0.08342
527 0.07646
528 0.07838
529 0.0835
530 0.08443
531 0.08573
532 0.086
533 0.08514
534 0.08404
535 0.0844
536 0.087
537 0.08513
538 0.08522
539 0.08588
540 0.08404
541 0.08247
542 0.08436
543 0.08544
544 0.08626
545 0.08712
546 0.08743
547 0.08755
548 0.08663
549 0.08715
550 0.08828
551 0.08794
552 0.08835
553 0.08831
554 0.08816
555 0.08915
556 0.08881
557 0.08709
558 0.08613
559 0.08511
560 0.08406
561 0.08621
562 0.0871
563 0.0862
564 0.08672
565 0.08704
566 0.08638
567 0.08653
568 0.08816
569 0.08756
570 0.08743
571 0.08665
572 0.0869
573 0.09037
574 0.09091
575 0.09024
576 0.08901
577 0.08949
578 0.08976
579 0.08864
580 0.08942
581 0.09033
582 0.09086
583 0.09188
584 0.09207
585 0.0915
586 0.08996
587 0.08989
588 0.09123
589 0.08784
590 0.0842
591 0.08836
592 0.09056
593 0.09086
594 0.09083
595 0.09123
596 0.09093
597 0.09166
598 0.09166
599 0.09093
600 0.09125
601 0.09079
602 0.08983
603 0.09033
604 0.0921
605 0.09255
606 0.09214
607 0.09191
608 0.09165
609 0.09089
610 0.09051
611 0.09065
612 0.09091
613 0.0906
614 0.08957
615 0.08961
616 0.08901
617 0.08745
618 0.08893
619 0.09036
620 0.09103
621 0.09197
622 0.09144
623 0.09098
624 0.09058
625 0.08987
626 0.08966
627 0.09153
628 0.09276
629 0.09291
630 0.09196
631 0.09163
632 0.09043
633 0.09165
634 0.09126
635 0.09167
636 0.09174
637 0.0916
638 0.09297
639 0.09303
640 0.09127
641 0.09066
642 0.09039
643 0.09145
644 0.09125
645 0.09148
646 0.09079
647 0.09101
648 0.09176
649 0.0916
650 0.08898
651 0.09223
652 0.09281
653 0.09156
654 0.09091
655 0.08958
656 0.08376
657 0.07705
658 0.08536
659 0.08958
660 0.08998
661 0.09085
662 0.09146
663 0.09124
664 0.09024
665 0.09058
666 0.0909
667 0.09047
668 0.09032
669 0.09099
670 0.09084
671 0.09059
672 0.09024
673 0.09006
674 0.08997
675 0.08989
676 0.08982
677 0.08976
678 0.08971
679 0.08968
680 0.08965
681 0.08963
682 0.08962
683 0.08962
684 0.08963
685 0.08966
686 0.08969
687 0.08973
688 0.08979
689 0.09001
690 0.09055
691 0.09078
692 0.09039
693 0.09014
694 0.09037
695 0.08994
696 0.08993
697 0.09027
698 0.08911
699 0.09027
700 0.09059
701 0.08942
702 0.08892
703 0.08936
704 0.08986
705 0.09085
706 0.09033
707 0.08931
708 0.08948
709 0.08875
710 0.08822
711 0.08864
712 0.08749
713 0.08722
714 0.08748
715 0.08736
716 0.0871
717 0.08755
718 0.08751
719 0.08643
720 0.08653
721 0.08676
722 0.08686
723 0.08682
724 0.08725
725 0.08709
726 0.08642
727 0.08672
728 0.08661
729 0.08508
730 0.08477
731 0.0864
732 0.08626
733 0.08626
734 0.08633
735 0.08642
736 0.08557
737 0.08538
738 0.08533
739 0.08347
740 0.08365
741 0.08324
742 0.08268
743 0.08399
744 0.08528
745 0.08447
746 0.08543
747 0.08516
748 0.08551
749 0.08508
750 0.08417
