# Top-of-atmosphere (TOA) lunar irradiance from Miller and Turner (2009)
# First column wavelength (nm), second column TOA irradiance# Lunar phase angle: 45
# Irradiance units: mW/m^2-micrometer

300 0.005541
301 0.004122
302 0.005192
303 0.004963
304 0.007023
305 0.006543
306 0.006682
307 0.006184
308 0.007194
309 0.007259
310 0.005545
311 0.007369
312 0.008746
313 0.007599
314 0.008247
315 0.007581
316 0.007808
317 0.00714
318 0.009946
319 0.007653
320 0.008438
321 0.01043
322 0.008275
323 0.008676
324 0.008094
325 0.009704
326 0.01087
327 0.0124
328 0.01205
329 0.0112
330 0.01378
331 0.01272
332 0.01261
333 0.01224
334 0.01173
335 0.01255
336 0.0128
337 0.01014
338 0.01113
339 0.01195
340 0.01245
341 0.01376
342 0.01207
343 0.01344
344 0.01351
345 0.009753
346 0.01332
347 0.01236
348 0.01227
349 0.0128
350 0.01154
351 0.01526
352 0.01363
353 0.01221
354 0.01474
355 0.01569
356 0.01472
357 0.01317
358 0.01197
359 0.008937
360 0.0153
361 0.01444
362 0.0128
363 0.01464
364 0.01383
365 0.01493
366 0.01715
367 0.01827
368 0.01762
369 0.01573
370 0.01852
371 0.01643
372 0.01901
373 0.01571
374 0.01357
375 0.01386
376 0.01666
377 0.01636
378 0.01973
379 0.02119
380 0.01621
381 0.01899
382 0.01727
383 0.01239
384 0.01033
385 0.01499
386 0.01578
387 0.01599
388 0.01563
389 0.01504
390 0.01924
391 0.0197
392 0.02294
393 0.01736
394 0.007565
395 0.01752
396 0.02268
397 0.01206
398 0.01357
399 0.02587
400 0.02784
401 0.02798
402 0.03046
403 0.03095
404 0.03033
405 0.02965
406 0.02884
407 0.0281
408 0.02851
409 0.02892
410 0.02918
411 0.02705
412 0.02817
413 0.02929
414 0.03042
415 0.03056
416 0.03065
417 0.03106
418 0.03045
419 0.03045
420 0.0305
421 0.03126
422 0.03188
423 0.03081
424 0.03045
425 0.03121
426 0.03101
427 0.03089
428 0.02976
429 0.02976
430 0.02703
431 0.02258
432 0.028
433 0.03096
434 0.03057
435 0.02996
436 0.03222
437 0.03405
438 0.03303
439 0.03177
440 0.03312
441 0.03459
442 0.03593
443 0.03706
444 0.03719
445 0.03725
446 0.03666
447 0.03645
448 0.03862
449 0.03913
450 0.03956
451 0.04137
452 0.0416
453 0.03968
454 0.0387
455 0.04051
456 0.04083
457 0.04198
458 0.04203
459 0.04104
460 0.04082
461 0.0415
462 0.0422
463 0.04264
464 0.04221
465 0.04131
466 0.04136
467 0.04107
468 0.04089
469 0.04167
470 0.0414
471 0.04084
472 0.0419
473 0.04323
474 0.04271
475 0.0437
476 0.04371
477 0.04316
478 0.04434
479 0.04437
480 0.04439
481 0.04422
482 0.0446
483 0.04424
484 0.04371
485 0.04324
486 0.03938
487 0.03724
488 0.04035
489 0.04166
490 0.04341
491 0.04408
492 0.04259
493 0.04253
494 0.04309
495 0.04418
496 0.04425
497 0.04413
498 0.04384
499 0.04316
500 0.04314
501 0.0425
502 0.04171
503 0.04264
504 0.0435
505 0.04337
506 0.04502
507 0.04578
508 0.04516
509 0.04454
510 0.04389
511 0.04345
512 0.04436
513 0.04394
514 0.04293
515 0.04244
516 0.04313
517 0.04021
518 0.03786
519 0.03934
520 0.04216
521 0.04299
522 0.04384
523 0.04301
524 0.04382
525 0.04521
526 0.04476
527 0.04103
528 0.04206
529 0.04482
530 0.04532
531 0.04603
532 0.04617
533 0.04572
534 0.04513
535 0.04533
536 0.04673
537 0.04573
538 0.04578
539 0.04614
540 0.04516
541 0.04432
542 0.04534
543 0.04593
544 0.04637
545 0.04684
546 0.04701
547 0.04708
548 0.04659
549 0.04687
550 0.04749
551 0.04731
552 0.04753
553 0.04752
554 0.04744
555 0.04798
556 0.0478
557 0.04688
558 0.04636
559 0.04582
560 0.04526
561 0.04642
562 0.0469
563 0.04643
564 0.04671
565 0.04689
566 0.04654
567 0.04662
568 0.04751
569 0.04719
570 0.04712
571 0.04671
572 0.04685
573 0.04873
574 0.04902
575 0.04866
576 0.04801
577 0.04827
578 0.04842
579 0.04782
580 0.04825
581 0.04874
582 0.04903
583 0.04959
584 0.0497
585 0.0494
586 0.04857
587 0.04853
588 0.04926
589 0.04743
590 0.04548
591 0.04773
592 0.04892
593 0.04909
594 0.04908
595 0.0493
596 0.04914
597 0.04954
598 0.04955
599 0.04916
600 0.04933
601 0.04909
602 0.04858
603 0.04885
604 0.04981
605 0.05006
606 0.04985
607 0.04973
608 0.04959
609 0.04919
610 0.04898
611 0.04907
612 0.04921
613 0.04904
614 0.0485
615 0.04852
616 0.0482
617 0.04736
618 0.04817
619 0.04895
620 0.04932
621 0.04983
622 0.04955
623 0.0493
624 0.04909
625 0.04871
626 0.0486
627 0.04962
628 0.05029
629 0.05038
630 0.04987
631 0.0497
632 0.04905
633 0.04972
634 0.04951
635 0.04974
636 0.04978
637 0.04971
638 0.05046
639 0.0505
640 0.04955
641 0.04922
642 0.04908
643 0.04966
644 0.04955
645 0.04968
646 0.04932
647 0.04944
648 0.04985
649 0.04977
650 0.04835
651 0.05012
652 0.05044
653 0.04977
654 0.04942
655 0.0487
656 0.04555
657 0.0419
658 0.04642
659 0.04873
660 0.04895
661 0.04942
662 0.04976
663 0.04965
664 0.04911
665 0.0493
666 0.04948
667 0.04925
668 0.04917
669 0.04954
670 0.04947
671 0.04933
672 0.04915
673 0.04905
674 0.04901
675 0.04897
676 0.04894
677 0.04891
678 0.04889
679 0.04887
680 0.04886
681 0.04886
682 0.04886
683 0.04887
684 0.04888
685 0.0489
686 0.04892
687 0.04895
688 0.04898
689 0.04911
690 0.04941
691 0.04954
692 0.04933
693 0.0492
694 0.04933
695 0.0491
696 0.0491
697 0.04929
698 0.04866
699 0.0493
700 0.04948
701 0.04885
702 0.04858
703 0.04882
704 0.0491
705 0.04965
706 0.04937
707 0.04882
708 0.04891
709 0.04852
710 0.04824
711 0.04847
712 0.04784
713 0.0477
714 0.04785
715 0.04779
716 0.04765
717 0.0479
718 0.04788
719 0.0473
720 0.04736
721 0.04749
722 0.04755
723 0.04753
724 0.04777
725 0.04769
726 0.04733
727 0.0475
728 0.04744
729 0.04661
730 0.04644
731 0.04734
732 0.04727
733 0.04728
734 0.04732
735 0.04737
736 0.04691
737 0.04681
738 0.04679
739 0.04577
740 0.04588
741 0.04566
742 0.04535
743 0.04608
744 0.04679
745 0.04635
746 0.04688
747 0.04674
748 0.04694
749 0.0467
750 0.04621
