# Top-of-atmosphere (TOA) lunar irradiance from Miller and Turner (2009) by 10 nm increments
# First column wavelength (nm), second column TOA irradiance# Phase angle = 1
# Units = mW/m^2-micrometer

300 0.0002451
310 0.0002448
320 0.0003717
330 0.0006057
340 0.0005465
350 0.0005055
360 0.0006685
370 0.0008076
380 0.0007053
390 0.0008355
400 0.001206
410 0.001262
420 0.001316
430 0.001164
440 0.001424
450 0.001697
460 0.001747
470 0.001769
480 0.001892
490 0.001847
500 0.001832
510 0.001859
520 0.001783
530 0.001912
540 0.001902
550 0.001996
560 0.001898
570 0.001972
580 0.002015
590 0.001895
600 0.002052
610 0.002033
620 0.002043
630 0.002061
640 0.002044
650 0.001991
660 0.002011
670 0.002028
680 0.001999
690 0.002017
700 0.002016
710 0.001961
720 0.001922
730 0.001881
740 0.001854
750 0.001864
