# Top-of-atmosphere (TOA) lunar irradiance from Miller and Turner (2009) by 10 nm increments
# First column wavelength (nm), second column TOA irradiance# Phase angle = 99
# Units = mW/m^2-micrometer

300 0.07684
310 0.07661
320 0.1162
330 0.189
340 0.1702
350 0.1572
360 0.2076
370 0.2504
380 0.2183
390 0.2582
400 0.3722
410 0.3888
420 0.4048
430 0.3575
440 0.4365
450 0.5194
460 0.5341
470 0.5396
480 0.5765
490 0.5617
500 0.5562
510 0.5637
520 0.5396
530 0.5779
540 0.5738
550 0.6012
560 0.5709
570 0.5922
580 0.6041
590 0.5674
600 0.6133
610 0.6067
620 0.6086
630 0.6132
640 0.607
650 0.5902
660 0.5953
670 0.5994
680 0.59
690 0.5944
700 0.593
710 0.5761
720 0.5636
730 0.5506
740 0.5419
750 0.5439
