# Top-of-atmosphere (TOA) lunar irradiance from Miller and Turner (2009)
# First column wavelength (nm), second column TOA irradiance# Lunar phase angle: 103
# Irradiance units: mW/m^2-micrometer

300 0.08647
301 0.0643
302 0.08096
303 0.07736
304 0.1094
305 0.1019
306 0.104
307 0.09624
308 0.1119
309 0.1129
310 0.0862
311 0.1145
312 0.1359
313 0.118
314 0.128
315 0.1176
316 0.1211
317 0.1107
318 0.1542
319 0.1186
320 0.1307
321 0.1615
322 0.1281
323 0.1342
324 0.1252
325 0.15
326 0.1681
327 0.1916
328 0.186
329 0.173
330 0.2126
331 0.1963
332 0.1944
333 0.1886
334 0.1807
335 0.1933
336 0.1971
337 0.156
338 0.1713
339 0.1839
340 0.1915
341 0.2115
342 0.1855
343 0.2064
344 0.2075
345 0.1497
346 0.2043
347 0.1896
348 0.1881
349 0.1962
350 0.1769
351 0.2337
352 0.2086
353 0.1869
354 0.2255
355 0.24
356 0.225
357 0.2012
358 0.1827
359 0.1365
360 0.2335
361 0.2202
362 0.1952
363 0.2232
364 0.2108
365 0.2275
366 0.2612
367 0.2781
368 0.2682
369 0.2393
370 0.2816
371 0.2497
372 0.2889
373 0.2387
374 0.2061
375 0.2103
376 0.2528
377 0.2481
378 0.2991
379 0.3211
380 0.2456
381 0.2876
382 0.2614
383 0.1875
384 0.1563
385 0.2267
386 0.2386
387 0.2416
388 0.2361
389 0.2271
390 0.2904
391 0.2972
392 0.3461
393 0.2617
394 0.114
395 0.264
396 0.3415
397 0.1816
398 0.2042
399 0.3892
400 0.4186
401 0.4206
402 0.4577
403 0.4649
404 0.4554
405 0.4451
406 0.4327
407 0.4215
408 0.4275
409 0.4335
410 0.4373
411 0.4051
412 0.4217
413 0.4384
414 0.4551
415 0.457
416 0.4581
417 0.4641
418 0.4549
419 0.4548
420 0.4552
421 0.4665
422 0.4756
423 0.4593
424 0.4538
425 0.465
426 0.4618
427 0.4599
428 0.443
429 0.4428
430 0.402
431 0.3357
432 0.416
433 0.4599
434 0.454
435 0.4447
436 0.4781
437 0.5051
438 0.4897
439 0.4709
440 0.4908
441 0.5124
442 0.532
443 0.5485
444 0.5503
445 0.551
446 0.542
447 0.5387
448 0.5705
449 0.5779
450 0.584
451 0.6105
452 0.6136
453 0.5851
454 0.5705
455 0.597
456 0.6014
457 0.6181
458 0.6187
459 0.6038
460 0.6004
461 0.6102
462 0.6202
463 0.6265
464 0.6199
465 0.6065
466 0.6069
467 0.6025
468 0.5997
469 0.6108
470 0.6067
471 0.5983
472 0.6135
473 0.6328
474 0.625
475 0.6391
476 0.6392
477 0.6309
478 0.6478
479 0.6481
480 0.648
481 0.6453
482 0.6506
483 0.6451
484 0.6373
485 0.6301
486 0.5737
487 0.5423
488 0.5874
489 0.6062
490 0.6314
491 0.641
492 0.619
493 0.618
494 0.6259
495 0.6414
496 0.6422
497 0.6403
498 0.6357
499 0.6257
500 0.6252
501 0.6157
502 0.604
503 0.6173
504 0.6295
505 0.6274
506 0.6511
507 0.6617
508 0.6525
509 0.6433
510 0.6336
511 0.6272
512 0.6401
513 0.6337
514 0.6189
515 0.6116
516 0.6214
517 0.5791
518 0.545
519 0.5661
520 0.6065
521 0.6182
522 0.6301
523 0.618
524 0.6294
525 0.6491
526 0.6425
527 0.5887
528 0.6033
529 0.6426
530 0.6495
531 0.6594
532 0.6613
533 0.6545
534 0.6459
535 0.6485
536 0.6683
537 0.6537
538 0.6542
539 0.6591
540 0.6449
541 0.6326
542 0.6469
543 0.6551
544 0.6612
545 0.6676
546 0.6698
547 0.6705
548 0.6632
549 0.667
550 0.6756
551 0.6727
552 0.6757
553 0.6753
554 0.6739
555 0.6813
556 0.6785
557 0.6652
558 0.6577
559 0.6497
560 0.6415
561 0.6577
562 0.6643
563 0.6573
564 0.6611
565 0.6634
566 0.6582
567 0.6591
568 0.6714
569 0.6666
570 0.6654
571 0.6594
572 0.6611
573 0.6873
574 0.6913
575 0.6859
576 0.6764
577 0.6798
578 0.6817
579 0.6731
580 0.6788
581 0.6855
582 0.6894
583 0.6969
584 0.6982
585 0.6937
586 0.6818
587 0.6811
588 0.6911
589 0.6652
590 0.6375
591 0.6688
592 0.6852
593 0.6873
594 0.6869
595 0.6898
596 0.6873
597 0.6927
598 0.6925
599 0.6868
600 0.689
601 0.6853
602 0.6779
603 0.6815
604 0.6946
605 0.6979
606 0.6946
607 0.6927
608 0.6905
609 0.6847
610 0.6816
611 0.6825
612 0.6842
613 0.6817
614 0.6738
615 0.6739
616 0.6692
617 0.6573
618 0.6682
619 0.6788
620 0.6837
621 0.6905
622 0.6864
623 0.6827
624 0.6796
625 0.674
626 0.6723
627 0.6861
628 0.6952
629 0.6961
630 0.6888
631 0.6862
632 0.6769
633 0.686
634 0.6828
635 0.6857
636 0.686
637 0.6848
638 0.6949
639 0.6951
640 0.6818
641 0.6771
642 0.6749
643 0.6826
644 0.6809
645 0.6824
646 0.6771
647 0.6786
648 0.684
649 0.6826
650 0.6629
651 0.687
652 0.6911
653 0.6816
654 0.6766
655 0.6665
656 0.6231
657 0.573
658 0.6346
659 0.6658
660 0.6686
661 0.6748
662 0.6792
663 0.6774
664 0.6698
665 0.6721
666 0.6743
667 0.671
668 0.6697
669 0.6744
670 0.6732
671 0.6711
672 0.6684
673 0.6668
674 0.666
675 0.6652
676 0.6645
677 0.6639
678 0.6634
679 0.6629
680 0.6625
681 0.6622
682 0.662
683 0.6618
684 0.6617
685 0.6617
686 0.6618
687 0.662
688 0.6622
689 0.6636
690 0.6675
691 0.6689
692 0.6659
693 0.6639
694 0.6654
695 0.662
696 0.6618
697 0.6641
698 0.6554
699 0.6638
700 0.6659
701 0.6572
702 0.6533
703 0.6564
704 0.6598
705 0.667
706 0.663
707 0.6553
708 0.6564
709 0.6508
710 0.6468
711 0.6497
712 0.6411
713 0.639
714 0.6406
715 0.6396
716 0.6376
717 0.6406
718 0.6402
719 0.6322
720 0.6327
721 0.6342
722 0.6348
723 0.6343
724 0.6373
725 0.6359
726 0.6309
727 0.6329
728 0.632
729 0.6206
730 0.6182
731 0.6299
732 0.6287
733 0.6286
734 0.6289
735 0.6294
736 0.623
737 0.6215
738 0.6209
739 0.6072
740 0.6084
741 0.6053
742 0.601
743 0.6104
744 0.6196
745 0.6135
746 0.6203
747 0.6182
748 0.6206
749 0.6173
750 0.6106
