# Top-of-atmosphere (TOA) lunar irradiance from Miller and Turner (2009) by 10 nm increments
# First column wavelength (nm), second column TOA irradiance# Phase angle = 74
# Units = mW/m^2-micrometer

300 0.02968
310 0.02962
320 0.04496
330 0.0732
340 0.066
350 0.06101
360 0.08064
370 0.09735
380 0.08497
390 0.1006
400 0.1452
410 0.1518
420 0.1582
430 0.1398
440 0.1708
450 0.2035
460 0.2094
470 0.2118
480 0.2265
490 0.2209
500 0.2189
510 0.2221
520 0.2128
530 0.2281
540 0.2267
550 0.2378
560 0.226
570 0.2347
580 0.2396
590 0.2252
600 0.2437
610 0.2413
620 0.2423
630 0.2443
640 0.2421
650 0.2356
660 0.2379
670 0.2398
680 0.2362
690 0.2382
700 0.2379
710 0.2313
720 0.2265
730 0.2215
740 0.2182
750 0.2192
