# Top-of-atmosphere (TOA) lunar irradiance from Miller and Turner (2009) by 10 nm increments
# First column wavelength (nm), second column TOA irradiance# Phase angle = 22
# Units = mW/m^2-micrometer

300 0.001051
310 0.001053
320 0.001604
330 0.002623
340 0.002375
350 0.002204
360 0.002925
370 0.003546
380 0.003108
390 0.003693
400 0.005352
410 0.005618
420 0.005879
430 0.005217
440 0.006402
450 0.007657
460 0.007912
470 0.008035
480 0.008627
490 0.008448
500 0.008408
510 0.008564
520 0.008238
530 0.008868
540 0.008849
550 0.009318
560 0.008893
570 0.009271
580 0.009505
590 0.008972
600 0.009745
610 0.00969
620 0.009769
630 0.009892
640 0.009842
650 0.009617
660 0.009749
670 0.009866
680 0.009759
690 0.009881
700 0.009908
710 0.009673
720 0.00951
730 0.009339
740 0.009237
750 0.009317
