# Top-of-atmosphere (TOA) lunar irradiance from Miller and Turner (2009) by 10 nm increments
# First column wavelength (nm), second column TOA irradiance# Phase angle = 55
# Units = mW/m^2-micrometer

300 0.01057
310 0.01056
320 0.01606
330 0.02619
340 0.02366
350 0.02191
360 0.029
370 0.03507
380 0.03066
390 0.03636
400 0.05255
410 0.05504
420 0.05745
430 0.05087
440 0.06227
450 0.0743
460 0.0766
470 0.0776
480 0.08311
490 0.0812
500 0.08062
510 0.08192
520 0.07862
530 0.08443
540 0.08404
550 0.08828
560 0.08406
570 0.08743
580 0.08942
590 0.0842
600 0.09125
610 0.09051
620 0.09103
630 0.09196
640 0.09127
650 0.08898
660 0.08998
670 0.09084
680 0.08965
690 0.09055
700 0.09059
710 0.08822
720 0.08653
730 0.08477
740 0.08365
750 0.08417
