# Top-of-atmosphere (TOA) lunar irradiance from Miller and Turner (2009) by 10 nm increments
# First column wavelength (nm), second column TOA irradiance# Phase angle = 26
# Units = mW/m^2-micrometer

300 0.00142
310 0.001422
320 0.002167
330 0.003543
340 0.003208
350 0.002977
360 0.00395
370 0.004788
380 0.004196
390 0.004987
400 0.007226
410 0.007585
420 0.007936
430 0.007042
440 0.008642
450 0.01033
460 0.01068
470 0.01084
480 0.01164
490 0.0114
500 0.01134
510 0.01155
520 0.01111
530 0.01196
540 0.01194
550 0.01257
560 0.01199
570 0.0125
580 0.01282
590 0.0121
600 0.01314
610 0.01306
620 0.01317
630 0.01334
640 0.01327
650 0.01296
660 0.01314
670 0.0133
680 0.01315
690 0.01332
700 0.01335
710 0.01303
720 0.01281
730 0.01258
740 0.01244
750 0.01255
