# Top-of-atmosphere (TOA) lunar irradiance from Miller and Turner (2009) by 10 nm increments
# First column wavelength (nm), second column TOA irradiance# Phase angle = 50
# Units = mW/m^2-micrometer

300 0.0077
310 0.007702
320 0.01171
330 0.01912
340 0.01728
350 0.01601
360 0.0212
370 0.02566
380 0.02244
390 0.02663
400 0.03851
410 0.04036
420 0.04215
430 0.03734
440 0.04574
450 0.0546
460 0.05633
470 0.0571
480 0.06119
490 0.05981
500 0.05942
510 0.06042
520 0.05801
530 0.06233
540 0.06209
550 0.06526
560 0.06217
570 0.0647
580 0.06621
590 0.06238
600 0.06764
610 0.06713
620 0.06756
630 0.06828
640 0.06781
650 0.06615
660 0.06693
670 0.06761
680 0.06676
690 0.06747
700 0.06754
710 0.06581
720 0.06459
730 0.06331
740 0.06251
750 0.06294
