# Top-of-atmosphere (TOA) lunar irradiance from Miller and Turner (2009)
# First column wavelength (nm), second column TOA irradiance# Lunar phase angle: 0
# Irradiance units: mW/m^2-micrometer

300 0.0002299
301 0.0001709
302 0.0002153
303 0.0002057
304 0.000291
305 0.0002711
306 0.0002768
307 0.0002561
308 0.0002979
309 0.0003005
310 0.0002295
311 0.0003049
312 0.0003618
313 0.0003143
314 0.000341
315 0.0003134
316 0.0003227
317 0.000295
318 0.0004109
319 0.0003161
320 0.0003484
321 0.0004304
322 0.0003415
323 0.000358
324 0.0003339
325 0.0004002
326 0.0004484
327 0.0005112
328 0.0004964
329 0.0004616
330 0.0005675
331 0.000524
332 0.000519
333 0.0005037
334 0.0004827
335 0.0005164
336 0.0005265
337 0.0004168
338 0.0004577
339 0.0004914
340 0.0005119
341 0.0005655
342 0.0004959
343 0.0005519
344 0.0005549
345 0.0004004
346 0.0005465
347 0.0005073
348 0.0005034
349 0.000525
350 0.0004734
351 0.0006257
352 0.0005585
353 0.0005003
354 0.0006039
355 0.0006428
356 0.0006028
357 0.000539
358 0.0004897
359 0.0003657
360 0.0006258
361 0.0005904
362 0.0005234
363 0.0005985
364 0.0005653
365 0.0006102
366 0.0007006
367 0.000746
368 0.0007196
369 0.0006422
370 0.0007558
371 0.0006703
372 0.0007755
373 0.0006409
374 0.0005534
375 0.0005648
376 0.000679
377 0.0006666
378 0.0008036
379 0.0008629
380 0.00066
381 0.000773
382 0.0007028
383 0.0005042
384 0.0004203
385 0.0006097
386 0.0006417
387 0.0006501
388 0.0006352
389 0.0006111
390 0.0007815
391 0.0007999
392 0.0009316
393 0.0007046
394 0.000307
395 0.000711
396 0.00092
397 0.0004891
398 0.0005501
399 0.001049
400 0.001128
401 0.001134
402 0.001234
403 0.001253
404 0.001228
405 0.0012
406 0.001167
407 0.001137
408 0.001153
409 0.00117
410 0.00118
411 0.001093
412 0.001138
413 0.001184
414 0.001229
415 0.001234
416 0.001237
417 0.001254
418 0.001229
419 0.001229
420 0.00123
421 0.001261
422 0.001285
423 0.001242
424 0.001227
425 0.001257
426 0.001249
427 0.001244
428 0.001198
429 0.001198
430 0.001088
431 0.0009085
432 0.001126
433 0.001245
434 0.001229
435 0.001204
436 0.001295
437 0.001368
438 0.001327
439 0.001276
440 0.00133
441 0.001389
442 0.001442
443 0.001487
444 0.001492
445 0.001494
446 0.00147
447 0.001461
448 0.001548
449 0.001568
450 0.001585
451 0.001657
452 0.001665
453 0.001588
454 0.001549
455 0.001621
456 0.001633
457 0.001679
458 0.001681
459 0.00164
460 0.001631
461 0.001658
462 0.001686
463 0.001703
464 0.001685
465 0.001649
466 0.00165
467 0.001639
468 0.001631
469 0.001662
470 0.001651
471 0.001628
472 0.00167
473 0.001722
474 0.001701
475 0.00174
476 0.001741
477 0.001718
478 0.001765
479 0.001765
480 0.001766
481 0.001758
482 0.001773
483 0.001758
484 0.001737
485 0.001718
486 0.001564
487 0.001479
488 0.001602
489 0.001654
490 0.001723
491 0.001749
492 0.001689
493 0.001687
494 0.001709
495 0.001751
496 0.001753
497 0.001749
498 0.001736
499 0.001709
500 0.001708
501 0.001682
502 0.00165
503 0.001687
504 0.001721
505 0.001715
506 0.00178
507 0.001809
508 0.001785
509 0.00176
510 0.001734
511 0.001716
512 0.001752
513 0.001734
514 0.001694
515 0.001674
516 0.001701
517 0.001586
518 0.001493
519 0.001551
520 0.001661
521 0.001694
522 0.001727
523 0.001694
524 0.001725
525 0.001779
526 0.001762
527 0.001614
528 0.001655
529 0.001763
530 0.001782
531 0.001809
532 0.001815
533 0.001796
534 0.001773
535 0.00178
536 0.001835
537 0.001795
538 0.001797
539 0.00181
540 0.001771
541 0.001738
542 0.001778
543 0.0018
544 0.001817
545 0.001835
546 0.001841
547 0.001844
548 0.001824
549 0.001835
550 0.001858
551 0.001851
552 0.001859
553 0.001858
554 0.001855
555 0.001875
556 0.001868
557 0.001832
558 0.001811
559 0.001789
560 0.001767
561 0.001812
562 0.00183
563 0.001811
564 0.001822
565 0.001829
566 0.001814
567 0.001817
568 0.001851
569 0.001839
570 0.001836
571 0.001819
572 0.001824
573 0.001897
574 0.001908
575 0.001893
576 0.001867
577 0.001877
578 0.001882
579 0.001859
580 0.001875
581 0.001894
582 0.001905
583 0.001926
584 0.001929
585 0.001917
586 0.001885
587 0.001883
588 0.001911
589 0.00184
590 0.001763
591 0.00185
592 0.001896
593 0.001902
594 0.001901
595 0.001909
596 0.001903
597 0.001918
598 0.001917
599 0.001902
600 0.001908
601 0.001898
602 0.001878
603 0.001888
604 0.001925
605 0.001934
606 0.001925
607 0.00192
608 0.001915
609 0.001899
610 0.00189
611 0.001893
612 0.001898
613 0.001891
614 0.00187
615 0.00187
616 0.001857
617 0.001825
618 0.001855
619 0.001885
620 0.001899
621 0.001918
622 0.001907
623 0.001897
624 0.001888
625 0.001873
626 0.001869
627 0.001907
628 0.001933
629 0.001936
630 0.001915
631 0.001908
632 0.001883
633 0.001908
634 0.0019
635 0.001908
636 0.001909
637 0.001906
638 0.001935
639 0.001936
640 0.001899
641 0.001886
642 0.00188
643 0.001902
644 0.001897
645 0.001902
646 0.001887
647 0.001892
648 0.001907
649 0.001903
650 0.001849
651 0.001916
652 0.001928
653 0.001902
654 0.001888
655 0.00186
656 0.001739
657 0.001599
658 0.001772
659 0.001859
660 0.001867
661 0.001885
662 0.001897
663 0.001892
664 0.001871
665 0.001878
666 0.001885
667 0.001875
668 0.001872
669 0.001886
670 0.001882
671 0.001877
672 0.001869
673 0.001865
674 0.001863
675 0.001861
676 0.00186
677 0.001858
678 0.001857
679 0.001856
680 0.001855
681 0.001855
682 0.001854
683 0.001854
684 0.001854
685 0.001854
686 0.001855
687 0.001855
688 0.001856
689 0.00186
690 0.001872
691 0.001876
692 0.001868
693 0.001862
694 0.001867
695 0.001857
696 0.001857
697 0.001864
698 0.00184
699 0.001863
700 0.00187
701 0.001845
702 0.001835
703 0.001844
704 0.001854
705 0.001874
706 0.001863
707 0.001842
708 0.001845
709 0.00183
710 0.001819
711 0.001827
712 0.001803
713 0.001797
714 0.001802
715 0.0018
716 0.001794
717 0.001803
718 0.001802
719 0.00178
720 0.001781
721 0.001786
722 0.001788
723 0.001787
724 0.001795
725 0.001792
726 0.001778
727 0.001784
728 0.001781
729 0.001749
730 0.001743
731 0.001776
732 0.001773
733 0.001773
734 0.001774
735 0.001776
736 0.001758
737 0.001754
738 0.001752
739 0.001714
740 0.001718
741 0.001709
742 0.001697
743 0.001724
744 0.00175
745 0.001733
746 0.001753
747 0.001747
748 0.001754
749 0.001745
750 0.001726
