# Top-of-atmosphere (TOA) lunar irradiance from Miller and Turner (2009) by 10 nm increments
# First column wavelength (nm), second column TOA irradiance# Phase angle = 82
# Units = mW/m^2-micrometer

300 0.04204
310 0.04194
320 0.06362
330 0.1035
340 0.09332
350 0.08624
360 0.1139
370 0.1375
380 0.1199
390 0.1419
400 0.2047
410 0.2139
420 0.2229
430 0.1969
440 0.2405
450 0.2864
460 0.2946
470 0.2979
480 0.3183
490 0.3104
500 0.3075
510 0.3118
520 0.2986
530 0.32
540 0.3179
550 0.3332
560 0.3166
570 0.3286
580 0.3354
590 0.3151
600 0.3408
610 0.3373
620 0.3385
630 0.3413
640 0.338
650 0.3288
660 0.3318
670 0.3343
680 0.3292
690 0.3318
700 0.3313
710 0.3219
720 0.3151
730 0.308
740 0.3033
750 0.3046
