# Top-of-atmosphere (TOA) lunar irradiance from Miller and Turner (2009) by 10 nm increments
# First column wavelength (nm), second column TOA irradiance# Phase angle = 69
# Units = mW/m^2-micrometer

300 0.02348
310 0.02344
320 0.03559
330 0.05796
340 0.05228
350 0.04834
360 0.06391
370 0.07718
380 0.06739
390 0.07979
400 0.1152
410 0.1205
420 0.1256
430 0.111
440 0.1357
450 0.1617
460 0.1665
470 0.1685
480 0.1802
490 0.1758
500 0.1743
510 0.1769
520 0.1695
530 0.1818
540 0.1807
550 0.1896
560 0.1802
570 0.1872
580 0.1912
590 0.1798
600 0.1946
610 0.1927
620 0.1936
630 0.1953
640 0.1936
650 0.1885
660 0.1903
670 0.1919
680 0.1891
690 0.1907
700 0.1906
710 0.1853
720 0.1815
730 0.1776
740 0.175
750 0.1759
