# Top-of-atmosphere (TOA) lunar irradiance from Miller and Turner (2009) by 10 nm increments
# First column wavelength (nm), second column TOA irradiance# Phase angle = 8
# Units = mW/m^2-micrometer

300 0.0003844
310 0.0003846
320 0.0005852
330 0.0009554
340 0.0008637
350 0.0008005
360 0.001061
370 0.001284
380 0.001123
390 0.001333
400 0.001929
410 0.002022
420 0.002113
430 0.001872
440 0.002294
450 0.002739
460 0.002827
470 0.002866
480 0.003073
490 0.003005
500 0.002986
510 0.003037
520 0.002917
530 0.003135
540 0.003124
550 0.003285
560 0.00313
570 0.003258
580 0.003336
590 0.003144
600 0.00341
610 0.003385
620 0.003408
630 0.003446
640 0.003423
650 0.00334
660 0.003381
670 0.003416
680 0.003374
690 0.003412
700 0.003416
710 0.00333
720 0.003269
730 0.003205
740 0.003166
750 0.003188
