# Top-of-atmosphere (TOA) lunar irradiance from Miller and Turner (2009) by 10 nm increments
# First column wavelength (nm), second column TOA irradiance# Phase angle = 58
# Units = mW/m^2-micrometer

300 0.01278
310 0.01277
320 0.0194
330 0.03164
340 0.02857
350 0.02644
360 0.03499
370 0.0423
380 0.03697
390 0.04382
400 0.06333
410 0.0663
420 0.06919
430 0.06123
440 0.07494
450 0.08938
460 0.09211
470 0.09329
480 0.09988
490 0.09754
500 0.09681
510 0.09834
520 0.09434
530 0.1013
540 0.1008
550 0.1058
560 0.1007
570 0.1047
580 0.1071
590 0.1008
600 0.1092
610 0.1083
620 0.1089
630 0.1099
640 0.1091
650 0.1063
660 0.1075
670 0.1085
680 0.107
690 0.108
700 0.108
710 0.1052
720 0.1031
730 0.101
740 0.09963
750 0.1002
