# Top-of-atmosphere (TOA) lunar irradiance from Miller and Turner (2009)
# First column wavelength (nm), second column TOA irradiance# Lunar phase angle: 44
# Irradiance units: mW/m^2-micrometer

300 0.005188
301 0.003859
302 0.004861
303 0.004647
304 0.006576
305 0.006126
306 0.006257
307 0.00579
308 0.006736
309 0.006797
310 0.005192
311 0.0069
312 0.00819
313 0.007116
314 0.007723
315 0.007099
316 0.007312
317 0.006686
318 0.009314
319 0.007167
320 0.007901
321 0.009765
322 0.00775
323 0.008125
324 0.007581
325 0.009088
326 0.01018
327 0.01161
328 0.01128
329 0.01049
330 0.0129
331 0.01192
332 0.01181
333 0.01146
334 0.01098
335 0.01175
336 0.01199
337 0.009493
338 0.01043
339 0.0112
340 0.01167
341 0.01289
342 0.01131
343 0.01259
344 0.01266
345 0.009136
346 0.01247
347 0.01158
348 0.0115
349 0.01199
350 0.01081
351 0.0143
352 0.01276
353 0.01144
354 0.01381
355 0.0147
356 0.01379
357 0.01234
358 0.01121
359 0.008373
360 0.01433
361 0.01352
362 0.01199
363 0.01372
364 0.01296
365 0.01399
366 0.01607
367 0.01711
368 0.01651
369 0.01474
370 0.01735
371 0.01539
372 0.01781
373 0.01472
374 0.01272
375 0.01298
376 0.01561
377 0.01533
378 0.01848
379 0.01985
380 0.01519
381 0.01779
382 0.01618
383 0.01161
384 0.009681
385 0.01405
386 0.01479
387 0.01498
388 0.01465
389 0.01409
390 0.01803
391 0.01846
392 0.0215
393 0.01627
394 0.007089
395 0.01642
396 0.02125
397 0.0113
398 0.01271
399 0.02424
400 0.02609
401 0.02622
402 0.02854
403 0.02901
404 0.02842
405 0.02779
406 0.02703
407 0.02634
408 0.02672
409 0.02711
410 0.02735
411 0.02535
412 0.0264
413 0.02745
414 0.02851
415 0.02864
416 0.02872
417 0.02911
418 0.02854
419 0.02854
420 0.02858
421 0.0293
422 0.02988
423 0.02887
424 0.02854
425 0.02925
426 0.02906
427 0.02896
428 0.0279
429 0.0279
430 0.02534
431 0.02117
432 0.02624
433 0.02902
434 0.02866
435 0.02808
436 0.0302
437 0.03192
438 0.03096
439 0.02978
440 0.03105
441 0.03243
442 0.03369
443 0.03474
444 0.03487
445 0.03493
446 0.03437
447 0.03417
448 0.03621
449 0.03669
450 0.03709
451 0.03879
452 0.039
453 0.0372
454 0.03629
455 0.03799
456 0.03828
457 0.03936
458 0.03941
459 0.03848
460 0.03828
461 0.03891
462 0.03957
463 0.03998
464 0.03958
465 0.03874
466 0.03878
467 0.03851
468 0.03835
469 0.03907
470 0.03882
471 0.0383
472 0.03929
473 0.04054
474 0.04006
475 0.04098
476 0.041
477 0.04048
478 0.04158
479 0.04161
480 0.04163
481 0.04147
482 0.04183
483 0.04149
484 0.041
485 0.04055
486 0.03694
487 0.03493
488 0.03785
489 0.03907
490 0.04071
491 0.04135
492 0.03994
493 0.03989
494 0.04042
495 0.04144
496 0.0415
497 0.0414
498 0.04112
499 0.04049
500 0.04047
501 0.03987
502 0.03912
503 0.04
504 0.0408
505 0.04069
506 0.04223
507 0.04294
508 0.04236
509 0.04178
510 0.04117
511 0.04076
512 0.04162
513 0.04122
514 0.04027
515 0.03981
516 0.04046
517 0.03772
518 0.03551
519 0.0369
520 0.03955
521 0.04033
522 0.04113
523 0.04035
524 0.04111
525 0.04241
526 0.042
527 0.0385
528 0.03946
529 0.04205
530 0.04252
531 0.04318
532 0.04332
533 0.04289
534 0.04235
535 0.04253
536 0.04385
537 0.04291
538 0.04296
539 0.0433
540 0.04237
541 0.04158
542 0.04254
543 0.04309
544 0.04351
545 0.04395
546 0.04411
547 0.04418
548 0.04371
549 0.04398
550 0.04456
551 0.04439
552 0.04461
553 0.04459
554 0.04452
555 0.04503
556 0.04486
557 0.04399
558 0.04351
559 0.043
560 0.04248
561 0.04357
562 0.04402
563 0.04357
564 0.04384
565 0.04401
566 0.04368
567 0.04376
568 0.04459
569 0.04429
570 0.04423
571 0.04384
572 0.04397
573 0.04573
574 0.04601
575 0.04568
576 0.04506
577 0.0453
578 0.04545
579 0.04489
580 0.04529
581 0.04575
582 0.04603
583 0.04655
584 0.04665
585 0.04637
586 0.04559
587 0.04556
588 0.04624
589 0.04453
590 0.04269
591 0.0448
592 0.04592
593 0.04608
594 0.04607
595 0.04628
596 0.04613
597 0.04651
598 0.04652
599 0.04615
600 0.04631
601 0.04609
602 0.0456
603 0.04586
604 0.04677
605 0.047
606 0.0468
607 0.04669
608 0.04656
609 0.04618
610 0.04599
611 0.04607
612 0.04621
613 0.04605
614 0.04553
615 0.04556
616 0.04526
617 0.04447
618 0.04523
619 0.04596
620 0.04631
621 0.04679
622 0.04653
623 0.0463
624 0.0461
625 0.04574
626 0.04564
627 0.0466
628 0.04723
629 0.04731
630 0.04683
631 0.04667
632 0.04606
633 0.04669
634 0.04649
635 0.04671
636 0.04675
637 0.04668
638 0.04739
639 0.04742
640 0.04653
641 0.04623
642 0.04609
643 0.04664
644 0.04654
645 0.04666
646 0.04632
647 0.04644
648 0.04682
649 0.04675
650 0.04541
651 0.04708
652 0.04738
653 0.04675
654 0.04642
655 0.04575
656 0.04278
657 0.03936
658 0.04361
659 0.04577
660 0.04598
661 0.04642
662 0.04674
663 0.04664
664 0.04613
665 0.04631
666 0.04648
667 0.04626
668 0.04619
669 0.04654
670 0.04647
671 0.04634
672 0.04617
673 0.04608
674 0.04604
675 0.04601
676 0.04598
677 0.04595
678 0.04593
679 0.04592
680 0.04591
681 0.0459
682 0.0459
683 0.04591
684 0.04592
685 0.04594
686 0.04596
687 0.04599
688 0.04602
689 0.04614
690 0.04642
691 0.04654
692 0.04635
693 0.04623
694 0.04635
695 0.04613
696 0.04613
697 0.04631
698 0.04573
699 0.04633
700 0.04649
701 0.0459
702 0.04565
703 0.04588
704 0.04614
705 0.04665
706 0.04639
707 0.04587
708 0.04597
709 0.0456
710 0.04533
711 0.04555
712 0.04496
713 0.04483
714 0.04497
715 0.04491
716 0.04478
717 0.04502
718 0.045
719 0.04445
720 0.04451
721 0.04463
722 0.04469
723 0.04467
724 0.0449
725 0.04482
726 0.04448
727 0.04464
728 0.04459
729 0.0438
730 0.04365
731 0.0445
732 0.04443
733 0.04444
734 0.04448
735 0.04453
736 0.0441
737 0.044
738 0.04398
739 0.04302
740 0.04312
741 0.04292
742 0.04263
743 0.04331
744 0.04399
745 0.04357
746 0.04407
747 0.04394
748 0.04412
749 0.0439
750 0.04344
