# Top-of-atmosphere (TOA) lunar irradiance from Miller and Turner (2009)
# First column wavelength (nm), second column TOA irradiance# Lunar phase angle: 51
# Irradiance units: mW/m^2-micrometer

300 0.008204
301 0.006102
302 0.007686
303 0.007347
304 0.01039
305 0.009684
306 0.00989
307 0.009151
308 0.01065
309 0.01074
310 0.008204
311 0.0109
312 0.01294
313 0.01124
314 0.0122
315 0.01121
316 0.01155
317 0.01056
318 0.01471
319 0.01132
320 0.01248
321 0.01542
322 0.01224
323 0.01283
324 0.01197
325 0.01435
326 0.01608
327 0.01833
328 0.01781
329 0.01656
330 0.02036
331 0.0188
332 0.01863
333 0.01808
334 0.01733
335 0.01854
336 0.01891
337 0.01497
338 0.01645
339 0.01766
340 0.0184
341 0.02033
342 0.01783
343 0.01985
344 0.01996
345 0.0144
346 0.01966
347 0.01826
348 0.01812
349 0.0189
350 0.01704
351 0.02253
352 0.02012
353 0.01802
354 0.02176
355 0.02316
356 0.02173
357 0.01943
358 0.01766
359 0.01319
360 0.02257
361 0.0213
362 0.01889
363 0.0216
364 0.02041
365 0.02203
366 0.0253
367 0.02694
368 0.02599
369 0.0232
370 0.02731
371 0.02422
372 0.02803
373 0.02317
374 0.02001
375 0.02043
376 0.02456
377 0.02412
378 0.02908
379 0.03123
380 0.02389
381 0.02798
382 0.02545
383 0.01826
384 0.01522
385 0.02209
386 0.02325
387 0.02356
388 0.02303
389 0.02215
390 0.02834
391 0.02901
392 0.03379
393 0.02557
394 0.01114
395 0.0258
396 0.0334
397 0.01776
398 0.01997
399 0.03809
400 0.04098
401 0.04119
402 0.04483
403 0.04556
404 0.04464
405 0.04364
406 0.04244
407 0.04135
408 0.04195
409 0.04256
410 0.04294
411 0.0398
412 0.04144
413 0.04309
414 0.04475
415 0.04495
416 0.04508
417 0.04568
418 0.04479
419 0.04479
420 0.04485
421 0.04597
422 0.04688
423 0.04529
424 0.04477
425 0.04588
426 0.04558
427 0.04541
428 0.04375
429 0.04375
430 0.03972
431 0.03318
432 0.04114
433 0.04549
434 0.04492
435 0.04401
436 0.04734
437 0.05003
438 0.04852
439 0.04667
440 0.04865
441 0.05081
442 0.05277
443 0.05443
444 0.05462
445 0.05471
446 0.05383
447 0.05352
448 0.0567
449 0.05745
450 0.05807
451 0.06073
452 0.06106
453 0.05824
454 0.0568
455 0.05946
456 0.05992
457 0.0616
458 0.06168
459 0.06022
460 0.0599
461 0.06089
462 0.06191
463 0.06256
464 0.06191
465 0.0606
466 0.06066
467 0.06024
468 0.05997
469 0.0611
470 0.06071
471 0.05989
472 0.06143
473 0.06338
474 0.06262
475 0.06406
476 0.06408
477 0.06327
478 0.06499
479 0.06503
480 0.06505
481 0.0648
482 0.06535
483 0.06482
484 0.06405
485 0.06335
486 0.0577
487 0.05456
488 0.05912
489 0.06102
490 0.06358
491 0.06457
492 0.06237
493 0.06229
494 0.06311
495 0.06469
496 0.06479
497 0.06462
498 0.06418
499 0.06319
500 0.06316
501 0.06222
502 0.06105
503 0.06241
504 0.06367
505 0.06348
506 0.06589
507 0.06699
508 0.06608
509 0.06517
510 0.06421
511 0.06357
512 0.0649
513 0.06428
514 0.0628
515 0.06207
516 0.06309
517 0.05881
518 0.05536
519 0.05753
520 0.06165
521 0.06286
522 0.06409
523 0.06288
524 0.06406
525 0.06608
526 0.06543
527 0.05998
528 0.06148
529 0.06551
530 0.06623
531 0.06726
532 0.06747
533 0.0668
534 0.06595
535 0.06623
536 0.06827
537 0.0668
538 0.06688
539 0.0674
540 0.06596
541 0.06473
542 0.06622
543 0.06707
544 0.06772
545 0.06839
546 0.06864
547 0.06874
548 0.06801
549 0.06843
550 0.06932
551 0.06905
552 0.06938
553 0.06935
554 0.06924
555 0.07002
556 0.06976
557 0.06841
558 0.06765
559 0.06686
560 0.06604
561 0.06773
562 0.06843
563 0.06772
564 0.06814
565 0.0684
566 0.06788
567 0.068
568 0.06928
569 0.06881
570 0.06871
571 0.06811
572 0.0683
573 0.07104
574 0.07147
575 0.07094
576 0.06998
577 0.07035
578 0.07057
579 0.0697
580 0.07031
581 0.07103
582 0.07145
583 0.07226
584 0.07241
585 0.07197
586 0.07076
587 0.0707
588 0.07176
589 0.06909
590 0.06624
591 0.06951
592 0.07124
593 0.07149
594 0.07147
595 0.07179
596 0.07155
597 0.07213
598 0.07214
599 0.07156
600 0.07181
601 0.07146
602 0.0707
603 0.0711
604 0.07249
605 0.07285
606 0.07254
607 0.07236
608 0.07216
609 0.07156
610 0.07126
611 0.07138
612 0.07159
613 0.07134
614 0.07054
615 0.07057
616 0.0701
617 0.06888
618 0.07004
619 0.07118
620 0.07171
621 0.07245
622 0.07204
623 0.07168
624 0.07137
625 0.07081
626 0.07065
627 0.07213
628 0.0731
629 0.07322
630 0.07247
631 0.07222
632 0.07127
633 0.07224
634 0.07193
635 0.07226
636 0.07232
637 0.07221
638 0.0733
639 0.07335
640 0.07197
641 0.07149
642 0.07127
643 0.07211
644 0.07196
645 0.07214
646 0.07161
647 0.07178
648 0.07237
649 0.07225
650 0.07019
651 0.07276
652 0.07321
653 0.07224
654 0.07173
655 0.07068
656 0.06609
657 0.0608
658 0.06736
659 0.0707
660 0.07101
661 0.0717
662 0.07219
663 0.07202
664 0.07123
665 0.0715
666 0.07176
667 0.07142
668 0.07131
669 0.07184
670 0.07173
671 0.07153
672 0.07126
673 0.07111
674 0.07105
675 0.07099
676 0.07094
677 0.07089
678 0.07086
679 0.07083
680 0.07081
681 0.0708
682 0.0708
683 0.0708
684 0.07082
685 0.07084
686 0.07087
687 0.07091
688 0.07095
689 0.07113
690 0.07156
691 0.07174
692 0.07144
693 0.07125
694 0.07143
695 0.07109
696 0.07109
697 0.07136
698 0.07045
699 0.07137
700 0.07162
701 0.0707
702 0.07031
703 0.07066
704 0.07106
705 0.07185
706 0.07144
707 0.07064
708 0.07077
709 0.0702
710 0.06978
711 0.07011
712 0.06921
713 0.069
714 0.06921
715 0.06912
716 0.06892
717 0.06927
718 0.06924
719 0.0684
720 0.06848
721 0.06866
722 0.06875
723 0.06871
724 0.06906
725 0.06893
726 0.06841
727 0.06865
728 0.06857
729 0.06735
730 0.06712
731 0.06841
732 0.0683
733 0.06831
734 0.06837
735 0.06844
736 0.06777
737 0.06762
738 0.06758
739 0.06611
740 0.06626
741 0.06594
742 0.0655
743 0.06654
744 0.06756
745 0.06692
746 0.06769
747 0.06748
748 0.06776
749 0.06742
750 0.0667
