# Top-of-atmosphere (TOA) lunar irradiance from Miller and Turner (2009)
# First column wavelength (nm), second column TOA irradiance# Lunar phase angle: 113
# Irradiance units: mW/m^2-micrometer

300 0.1139
301 0.08469
302 0.1066
303 0.1019
304 0.1441
305 0.1342
306 0.137
307 0.1268
308 0.1474
309 0.1487
310 0.1135
311 0.1508
312 0.179
313 0.1554
314 0.1686
315 0.1549
316 0.1595
317 0.1458
318 0.2031
319 0.1562
320 0.1721
321 0.2126
322 0.1687
323 0.1768
324 0.1649
325 0.1976
326 0.2213
327 0.2523
328 0.245
329 0.2278
330 0.2799
331 0.2585
332 0.256
333 0.2484
334 0.238
335 0.2545
336 0.2595
337 0.2054
338 0.2255
339 0.2421
340 0.2521
341 0.2785
342 0.2442
343 0.2717
344 0.2732
345 0.1971
346 0.269
347 0.2496
348 0.2477
349 0.2583
350 0.2328
351 0.3077
352 0.2746
353 0.246
354 0.2969
355 0.3159
356 0.2962
357 0.2648
358 0.2406
359 0.1796
360 0.3074
361 0.2899
362 0.257
363 0.2938
364 0.2775
365 0.2995
366 0.3438
367 0.366
368 0.353
369 0.315
370 0.3707
371 0.3287
372 0.3802
373 0.3141
374 0.2713
375 0.2768
376 0.3327
377 0.3266
378 0.3936
379 0.4226
380 0.3232
381 0.3785
382 0.3441
383 0.2468
384 0.2057
385 0.2983
386 0.314
387 0.318
388 0.3107
389 0.2988
390 0.3821
391 0.3911
392 0.4554
393 0.3444
394 0.15
395 0.3474
396 0.4494
397 0.2389
398 0.2686
399 0.5121
400 0.5509
401 0.5535
402 0.6022
403 0.6117
404 0.5992
405 0.5856
406 0.5693
407 0.5546
408 0.5624
409 0.5703
410 0.5753
411 0.533
412 0.5548
413 0.5767
414 0.5988
415 0.6012
416 0.6027
417 0.6105
418 0.5985
419 0.5983
420 0.5989
421 0.6137
422 0.6256
423 0.6042
424 0.597
425 0.6117
426 0.6075
427 0.605
428 0.5827
429 0.5825
430 0.5287
431 0.4416
432 0.5472
433 0.6049
434 0.5972
435 0.5849
436 0.6289
437 0.6644
438 0.6441
439 0.6194
440 0.6455
441 0.6739
442 0.6997
443 0.7214
444 0.7237
445 0.7246
446 0.7128
447 0.7085
448 0.7503
449 0.7599
450 0.768
451 0.8029
452 0.807
453 0.7695
454 0.7502
455 0.7851
456 0.7908
457 0.8128
458 0.8136
459 0.794
460 0.7895
461 0.8023
462 0.8155
463 0.8238
464 0.8151
465 0.7975
466 0.798
467 0.7922
468 0.7885
469 0.8031
470 0.7977
471 0.7866
472 0.8066
473 0.832
474 0.8217
475 0.8403
476 0.8403
477 0.8294
478 0.8517
479 0.852
480 0.852
481 0.8484
482 0.8553
483 0.8481
484 0.8377
485 0.8284
486 0.7542
487 0.7129
488 0.7722
489 0.7968
490 0.83
491 0.8426
492 0.8136
493 0.8123
494 0.8227
495 0.8431
496 0.8441
497 0.8416
498 0.8356
499 0.8225
500 0.8218
501 0.8093
502 0.7938
503 0.8113
504 0.8273
505 0.8246
506 0.8557
507 0.8696
508 0.8576
509 0.8455
510 0.8328
511 0.8242
512 0.8412
513 0.8328
514 0.8134
515 0.8038
516 0.8166
517 0.761
518 0.7162
519 0.7439
520 0.7969
521 0.8124
522 0.828
523 0.8121
524 0.8271
525 0.8529
526 0.8442
527 0.7736
528 0.7927
529 0.8444
530 0.8534
531 0.8664
532 0.8689
533 0.8599
534 0.8486
535 0.852
536 0.878
537 0.8588
538 0.8596
539 0.866
540 0.8472
541 0.8311
542 0.8499
543 0.8606
544 0.8686
545 0.877
546 0.8799
547 0.8808
548 0.8713
549 0.8763
550 0.8875
551 0.8837
552 0.8877
553 0.887
554 0.8852
555 0.895
556 0.8913
557 0.8738
558 0.8639
559 0.8534
560 0.8427
561 0.8639
562 0.8726
563 0.8633
564 0.8684
565 0.8714
566 0.8645
567 0.8657
568 0.8818
569 0.8755
570 0.874
571 0.866
572 0.8682
573 0.9027
574 0.9078
575 0.9008
576 0.8884
577 0.8928
578 0.8953
579 0.8839
580 0.8914
581 0.9002
582 0.9053
583 0.9152
584 0.9168
585 0.9109
586 0.8953
587 0.8944
588 0.9074
589 0.8734
590 0.837
591 0.8782
592 0.8997
593 0.9025
594 0.902
595 0.9057
596 0.9024
597 0.9095
598 0.9092
599 0.9017
600 0.9046
601 0.8998
602 0.89
603 0.8947
604 0.912
605 0.9162
606 0.9119
607 0.9094
608 0.9065
609 0.8988
610 0.8947
611 0.8959
612 0.8982
613 0.8949
614 0.8845
615 0.8846
616 0.8784
617 0.8629
618 0.8771
619 0.891
620 0.8974
621 0.9064
622 0.9009
623 0.8962
624 0.892
625 0.8847
626 0.8824
627 0.9006
628 0.9124
629 0.9137
630 0.904
631 0.9006
632 0.8885
633 0.9003
634 0.8961
635 0.8999
636 0.9004
637 0.8988
638 0.912
639 0.9123
640 0.8948
641 0.8885
642 0.8856
643 0.8958
644 0.8935
645 0.8955
646 0.8886
647 0.8905
648 0.8975
649 0.8957
650 0.8699
651 0.9014
652 0.9068
653 0.8944
654 0.8878
655 0.8745
656 0.8175
657 0.7518
658 0.8326
659 0.8736
660 0.8772
661 0.8854
662 0.8912
663 0.8888
664 0.8788
665 0.8818
666 0.8847
667 0.8803
668 0.8786
669 0.8848
670 0.8832
671 0.8804
672 0.8769
673 0.8748
674 0.8737
675 0.8727
676 0.8718
677 0.8709
678 0.8702
679 0.8696
680 0.8691
681 0.8687
682 0.8684
683 0.8681
684 0.868
685 0.868
686 0.8681
687 0.8683
688 0.8685
689 0.8704
690 0.8755
691 0.8774
692 0.8734
693 0.8708
694 0.8727
695 0.8683
696 0.8679
697 0.871
698 0.8596
699 0.8705
700 0.8733
701 0.8619
702 0.8568
703 0.8608
704 0.8653
705 0.8747
706 0.8695
707 0.8594
708 0.8608
709 0.8535
710 0.8482
711 0.8519
712 0.8407
713 0.8379
714 0.8401
715 0.8387
716 0.836
717 0.84
718 0.8394
719 0.8289
720 0.8296
721 0.8316
722 0.8323
723 0.8317
724 0.8356
725 0.8338
726 0.8271
727 0.8298
728 0.8285
729 0.8136
730 0.8105
731 0.8258
732 0.8243
733 0.824
734 0.8245
735 0.8251
736 0.8168
737 0.8147
738 0.814
739 0.796
740 0.7975
741 0.7934
742 0.7879
743 0.8001
744 0.8122
745 0.8042
746 0.8131
747 0.8103
748 0.8135
749 0.8091
750 0.8003
