# Top-of-atmosphere (TOA) lunar irradiance from Miller and Turner (2009)
# First column wavelength (nm), second column TOA irradiance# Lunar phase angle: 100
# Irradiance units: mW/m^2-micrometer

300 0.07941
301 0.05905
302 0.07436
303 0.07105
304 0.1005
305 0.0936
306 0.09555
307 0.08839
308 0.1028
309 0.1037
310 0.07917
311 0.1052
312 0.1248
313 0.1084
314 0.1176
315 0.108
316 0.1113
317 0.1017
318 0.1416
319 0.1089
320 0.12
321 0.1483
322 0.1176
323 0.1233
324 0.115
325 0.1378
326 0.1544
327 0.176
328 0.1709
329 0.1589
330 0.1953
331 0.1803
332 0.1785
333 0.1732
334 0.166
335 0.1776
336 0.181
337 0.1433
338 0.1573
339 0.1689
340 0.1759
341 0.1943
342 0.1704
343 0.1896
344 0.1906
345 0.1375
346 0.1876
347 0.1742
348 0.1728
349 0.1802
350 0.1624
351 0.2147
352 0.1916
353 0.1716
354 0.2071
355 0.2204
356 0.2067
357 0.1848
358 0.1679
359 0.1253
360 0.2145
361 0.2023
362 0.1793
363 0.205
364 0.1936
365 0.209
366 0.2399
367 0.2554
368 0.2464
369 0.2198
370 0.2587
371 0.2294
372 0.2654
373 0.2192
374 0.1893
375 0.1932
376 0.2322
377 0.2279
378 0.2747
379 0.295
380 0.2256
381 0.2642
382 0.2402
383 0.1723
384 0.1436
385 0.2083
386 0.2192
387 0.222
388 0.2169
389 0.2086
390 0.2668
391 0.273
392 0.3179
393 0.2404
394 0.1047
395 0.2425
396 0.3138
397 0.1668
398 0.1876
399 0.3575
400 0.3846
401 0.3864
402 0.4205
403 0.4271
404 0.4184
405 0.4089
406 0.3975
407 0.3872
408 0.3927
409 0.3983
410 0.4017
411 0.3722
412 0.3875
413 0.4028
414 0.4181
415 0.4198
416 0.4209
417 0.4264
418 0.418
419 0.4178
420 0.4182
421 0.4286
422 0.4369
423 0.422
424 0.417
425 0.4272
426 0.4243
427 0.4226
428 0.407
429 0.4069
430 0.3693
431 0.3084
432 0.3823
433 0.4225
434 0.4172
435 0.4086
436 0.4393
437 0.4641
438 0.45
439 0.4327
440 0.4509
441 0.4708
442 0.4888
443 0.504
444 0.5056
445 0.5063
446 0.498
447 0.495
448 0.5242
449 0.531
450 0.5366
451 0.561
452 0.5638
453 0.5377
454 0.5242
455 0.5486
456 0.5526
457 0.5679
458 0.5685
459 0.5548
460 0.5517
461 0.5607
462 0.5699
463 0.5757
464 0.5696
465 0.5573
466 0.5577
467 0.5537
468 0.5511
469 0.5613
470 0.5575
471 0.5498
472 0.5637
473 0.5815
474 0.5743
475 0.5873
476 0.5873
477 0.5797
478 0.5953
479 0.5955
480 0.5955
481 0.593
482 0.5979
483 0.5928
484 0.5856
485 0.5791
486 0.5272
487 0.4983
488 0.5398
489 0.5571
490 0.5803
491 0.589
492 0.5688
493 0.5679
494 0.5752
495 0.5895
496 0.5901
497 0.5884
498 0.5842
499 0.5751
500 0.5746
501 0.5659
502 0.555
503 0.5673
504 0.5785
505 0.5766
506 0.5983
507 0.6081
508 0.5997
509 0.5912
510 0.5823
511 0.5764
512 0.5883
513 0.5824
514 0.5688
515 0.5621
516 0.5711
517 0.5322
518 0.5009
519 0.5203
520 0.5574
521 0.5682
522 0.5791
523 0.568
524 0.5785
525 0.5966
526 0.5905
527 0.5411
528 0.5545
529 0.5906
530 0.597
531 0.6061
532 0.6078
533 0.6015
534 0.5936
535 0.596
536 0.6142
537 0.6008
538 0.6013
539 0.6058
540 0.5927
541 0.5814
542 0.5946
543 0.6021
544 0.6077
545 0.6136
546 0.6156
547 0.6163
548 0.6096
549 0.6131
550 0.621
551 0.6184
552 0.6211
553 0.6207
554 0.6194
555 0.6262
556 0.6237
557 0.6114
558 0.6045
559 0.5972
560 0.5897
561 0.6046
562 0.6106
563 0.6042
564 0.6077
565 0.6098
566 0.605
567 0.6059
568 0.6171
569 0.6128
570 0.6117
571 0.6061
572 0.6076
573 0.6318
574 0.6354
575 0.6305
576 0.6218
577 0.6249
578 0.6267
579 0.6187
580 0.624
581 0.6302
582 0.6337
583 0.6406
584 0.6418
585 0.6377
586 0.6268
587 0.6261
588 0.6353
589 0.6115
590 0.586
591 0.6148
592 0.6299
593 0.6319
594 0.6315
595 0.6341
596 0.6318
597 0.6368
598 0.6366
599 0.6314
600 0.6334
601 0.63
602 0.6232
603 0.6265
604 0.6386
605 0.6415
606 0.6386
607 0.6368
608 0.6348
609 0.6294
610 0.6266
611 0.6274
612 0.629
613 0.6267
614 0.6194
615 0.6195
616 0.6152
617 0.6043
618 0.6143
619 0.6241
620 0.6285
621 0.6348
622 0.631
623 0.6277
624 0.6248
625 0.6197
626 0.6181
627 0.6308
628 0.6391
629 0.64
630 0.6332
631 0.6308
632 0.6224
633 0.6307
634 0.6277
635 0.6304
636 0.6307
637 0.6296
638 0.6389
639 0.6391
640 0.6269
641 0.6225
642 0.6205
643 0.6276
644 0.626
645 0.6274
646 0.6226
647 0.6239
648 0.6289
649 0.6276
650 0.6095
651 0.6316
652 0.6354
653 0.6267
654 0.6221
655 0.6128
656 0.5729
657 0.5268
658 0.5835
659 0.6122
660 0.6147
661 0.6205
662 0.6245
663 0.6229
664 0.6159
665 0.618
666 0.62
667 0.617
668 0.6158
669 0.6201
670 0.619
671 0.6171
672 0.6146
673 0.6131
674 0.6124
675 0.6117
676 0.6111
677 0.6105
678 0.61
679 0.6096
680 0.6092
681 0.6089
682 0.6087
683 0.6086
684 0.6085
685 0.6085
686 0.6086
687 0.6087
688 0.6089
689 0.6102
690 0.6138
691 0.6151
692 0.6123
693 0.6105
694 0.6119
695 0.6088
696 0.6085
697 0.6107
698 0.6027
699 0.6104
700 0.6124
701 0.6043
702 0.6008
703 0.6036
704 0.6068
705 0.6133
706 0.6097
707 0.6026
708 0.6036
709 0.5985
710 0.5948
711 0.5974
712 0.5896
713 0.5876
714 0.5892
715 0.5882
716 0.5863
717 0.5892
718 0.5887
719 0.5814
720 0.5819
721 0.5832
722 0.5838
723 0.5833
724 0.5861
725 0.5848
726 0.5802
727 0.5821
728 0.5812
729 0.5707
730 0.5685
731 0.5793
732 0.5782
733 0.5781
734 0.5784
735 0.5788
736 0.573
737 0.5715
738 0.5711
739 0.5585
740 0.5595
741 0.5567
742 0.5528
743 0.5614
744 0.5699
745 0.5643
746 0.5705
747 0.5686
748 0.5708
749 0.5677
750 0.5616
