# Top-of-atmosphere (TOA) lunar irradiance from Miller and Turner (2009) by 10 nm increments
# First column wavelength (nm), second column TOA irradiance# Phase angle = 56
# Units = mW/m^2-micrometer

300 0.01126
310 0.01125
320 0.0171
330 0.02789
340 0.02519
350 0.02332
360 0.03087
370 0.03733
380 0.03264
390 0.03869
400 0.05593
410 0.05856
420 0.06113
430 0.05411
440 0.06624
450 0.07902
460 0.08145
470 0.08251
480 0.08836
490 0.08632
500 0.08569
510 0.08707
520 0.08354
530 0.08971
540 0.08929
550 0.09379
560 0.08929
570 0.09285
580 0.09496
590 0.08941
600 0.09688
610 0.09608
620 0.09662
630 0.0976
640 0.09686
650 0.09442
660 0.09547
670 0.09637
680 0.09509
690 0.09604
700 0.09606
710 0.09355
720 0.09175
730 0.08987
740 0.08867
750 0.08922
