# Top-of-atmosphere (TOA) lunar irradiance from Miller and Turner (2009)
# First column wavelength (nm), second column TOA irradiance# Lunar phase angle: 109
# Irradiance units: mW/m^2-micrometer

300 0.1025
301 0.07623
302 0.09599
303 0.09172
304 0.1297
305 0.1208
306 0.1233
307 0.1141
308 0.1327
309 0.1338
310 0.1022
311 0.1358
312 0.1611
313 0.1399
314 0.1518
315 0.1395
316 0.1436
317 0.1313
318 0.1828
319 0.1406
320 0.1549
321 0.1914
322 0.1518
323 0.1591
324 0.1484
325 0.1779
326 0.1992
327 0.2271
328 0.2205
329 0.205
330 0.252
331 0.2327
332 0.2304
333 0.2236
334 0.2142
335 0.2291
336 0.2336
337 0.1849
338 0.203
339 0.2179
340 0.227
341 0.2507
342 0.2198
343 0.2446
344 0.2459
345 0.1774
346 0.2421
347 0.2247
348 0.223
349 0.2325
350 0.2096
351 0.277
352 0.2472
353 0.2215
354 0.2673
355 0.2844
356 0.2667
357 0.2384
358 0.2166
359 0.1617
360 0.2767
361 0.261
362 0.2314
363 0.2645
364 0.2498
365 0.2696
366 0.3095
367 0.3295
368 0.3178
369 0.2836
370 0.3337
371 0.2959
372 0.3423
373 0.2828
374 0.2442
375 0.2492
376 0.2996
377 0.294
378 0.3544
379 0.3805
380 0.291
381 0.3408
382 0.3098
383 0.2222
384 0.1852
385 0.2686
386 0.2827
387 0.2863
388 0.2797
389 0.2691
390 0.3441
391 0.3521
392 0.41
393 0.3101
394 0.1351
395 0.3128
396 0.4047
397 0.2151
398 0.2419
399 0.4611
400 0.496
401 0.4984
402 0.5423
403 0.5508
404 0.5395
405 0.5273
406 0.5127
407 0.4994
408 0.5064
409 0.5136
410 0.518
411 0.48
412 0.4996
413 0.5194
414 0.5392
415 0.5414
416 0.5428
417 0.5498
418 0.5389
419 0.5387
420 0.5393
421 0.5526
422 0.5634
423 0.5441
424 0.5376
425 0.5509
426 0.5471
427 0.5449
428 0.5248
429 0.5246
430 0.4762
431 0.3977
432 0.4928
433 0.5448
434 0.5378
435 0.5268
436 0.5664
437 0.5983
438 0.5801
439 0.5578
440 0.5814
441 0.6069
442 0.6302
443 0.6497
444 0.6518
445 0.6526
446 0.6419
447 0.6381
448 0.6758
449 0.6844
450 0.6917
451 0.7231
452 0.7268
453 0.693
454 0.6757
455 0.7071
456 0.7123
457 0.7321
458 0.7328
459 0.7151
460 0.7111
461 0.7227
462 0.7345
463 0.742
464 0.7341
465 0.7183
466 0.7188
467 0.7136
468 0.7102
469 0.7234
470 0.7185
471 0.7085
472 0.7265
473 0.7494
474 0.7402
475 0.7569
476 0.7569
477 0.7471
478 0.7672
479 0.7675
480 0.7674
481 0.7642
482 0.7705
483 0.764
484 0.7546
485 0.7462
486 0.6794
487 0.6422
488 0.6956
489 0.7178
490 0.7477
491 0.759
492 0.733
493 0.7318
494 0.7412
495 0.7595
496 0.7604
497 0.7582
498 0.7528
499 0.7409
500 0.7403
501 0.7291
502 0.7151
503 0.7309
504 0.7453
505 0.7429
506 0.7709
507 0.7834
508 0.7726
509 0.7617
510 0.7502
511 0.7426
512 0.7579
513 0.7503
514 0.7328
515 0.7241
516 0.7357
517 0.6856
518 0.6452
519 0.6702
520 0.718
521 0.7319
522 0.746
523 0.7316
524 0.7452
525 0.7685
526 0.7606
527 0.697
528 0.7142
529 0.7608
530 0.7689
531 0.7806
532 0.7829
533 0.7748
534 0.7646
535 0.7677
536 0.7911
537 0.7738
538 0.7745
539 0.7803
540 0.7634
541 0.7488
542 0.7658
543 0.7754
544 0.7827
545 0.7902
546 0.7928
547 0.7937
548 0.7851
549 0.7896
550 0.7997
551 0.7963
552 0.7999
553 0.7993
554 0.7976
555 0.8065
556 0.8032
557 0.7873
558 0.7784
559 0.769
560 0.7593
561 0.7785
562 0.7863
563 0.778
564 0.7825
565 0.7852
566 0.779
567 0.7801
568 0.7946
569 0.789
570 0.7876
571 0.7804
572 0.7824
573 0.8135
574 0.8181
575 0.8118
576 0.8006
577 0.8046
578 0.8068
579 0.7966
580 0.8033
581 0.8113
582 0.8159
583 0.8248
584 0.8263
585 0.8209
586 0.8069
587 0.806
588 0.8178
589 0.7872
590 0.7544
591 0.7914
592 0.8109
593 0.8134
594 0.8129
595 0.8163
596 0.8133
597 0.8197
598 0.8194
599 0.8127
600 0.8153
601 0.811
602 0.8022
603 0.8064
604 0.8219
605 0.8258
606 0.8219
607 0.8196
608 0.8171
609 0.8101
610 0.8064
611 0.8075
612 0.8096
613 0.8066
614 0.7972
615 0.7974
616 0.7918
617 0.7777
618 0.7906
619 0.8032
620 0.8089
621 0.817
622 0.8121
623 0.8078
624 0.804
625 0.7975
626 0.7954
627 0.8118
628 0.8224
629 0.8236
630 0.8149
631 0.8118
632 0.8009
633 0.8115
634 0.8078
635 0.8112
636 0.8116
637 0.8102
638 0.8221
639 0.8223
640 0.8066
641 0.801
642 0.7983
643 0.8075
644 0.8055
645 0.8073
646 0.801
647 0.8027
648 0.8091
649 0.8075
650 0.7842
651 0.8126
652 0.8175
653 0.8063
654 0.8003
655 0.7884
656 0.737
657 0.6778
658 0.7506
659 0.7876
660 0.7908
661 0.7982
662 0.8034
663 0.8013
664 0.7923
665 0.795
666 0.7976
667 0.7936
668 0.7921
669 0.7977
670 0.7962
671 0.7938
672 0.7905
673 0.7887
674 0.7877
675 0.7868
676 0.786
677 0.7852
678 0.7846
679 0.7841
680 0.7836
681 0.7832
682 0.7829
683 0.7827
684 0.7826
685 0.7826
686 0.7827
687 0.7829
688 0.7831
689 0.7848
690 0.7894
691 0.7911
692 0.7875
693 0.7851
694 0.7869
695 0.7829
696 0.7826
697 0.7854
698 0.7751
699 0.785
700 0.7875
701 0.7771
702 0.7725
703 0.7762
704 0.7803
705 0.7887
706 0.784
707 0.7749
708 0.7762
709 0.7696
710 0.7648
711 0.7682
712 0.7581
713 0.7555
714 0.7575
715 0.7563
716 0.7539
717 0.7575
718 0.757
719 0.7475
720 0.7481
721 0.7499
722 0.7506
723 0.75
724 0.7535
725 0.7519
726 0.7459
727 0.7483
728 0.7472
729 0.7337
730 0.7309
731 0.7447
732 0.7433
733 0.7431
734 0.7436
735 0.7441
736 0.7366
737 0.7347
738 0.7341
739 0.7179
740 0.7193
741 0.7156
742 0.7105
743 0.7216
744 0.7325
745 0.7253
746 0.7333
747 0.7308
748 0.7337
749 0.7297
750 0.7218
