# Top-of-atmosphere (TOA) lunar irradiance from Miller and Turner (2009)
# First column wavelength (nm), second column TOA irradiance# Lunar phase angle: 22
# Irradiance units: mW/m^2-micrometer

300 0.001051
301 0.0007818
302 0.0009849
303 0.0009416
304 0.001333
305 0.001242
306 0.001268
307 0.001174
308 0.001366
309 0.001378
310 0.001053
311 0.0014
312 0.001661
313 0.001444
314 0.001567
315 0.001441
316 0.001484
317 0.001357
318 0.001891
319 0.001455
320 0.001604
321 0.001983
322 0.001574
323 0.001651
324 0.00154
325 0.001847
326 0.002069
327 0.002361
328 0.002293
329 0.002133
330 0.002623
331 0.002423
332 0.002401
333 0.002331
334 0.002234
335 0.002391
336 0.002439
337 0.001932
338 0.002122
339 0.002279
340 0.002375
341 0.002624
342 0.002303
343 0.002563
344 0.002578
345 0.001861
346 0.002541
347 0.00236
348 0.002343
349 0.002444
350 0.002204
351 0.002915
352 0.002603
353 0.002333
354 0.002817
355 0.002999
356 0.002813
357 0.002517
358 0.002287
359 0.001709
360 0.002925
361 0.002761
362 0.002448
363 0.002801
364 0.002646
365 0.002857
366 0.003282
367 0.003496
368 0.003373
369 0.003012
370 0.003546
371 0.003146
372 0.003641
373 0.00301
374 0.0026
375 0.002655
376 0.003193
377 0.003135
378 0.003781
379 0.004062
380 0.003108
381 0.003641
382 0.003312
383 0.002377
384 0.001982
385 0.002876
386 0.003028
387 0.003069
388 0.003
389 0.002887
390 0.003693
391 0.003782
392 0.004406
393 0.003334
394 0.001453
395 0.003366
396 0.004357
397 0.002318
398 0.002607
399 0.004972
400 0.005352
401 0.00538
402 0.005857
403 0.005952
404 0.005833
405 0.005704
406 0.005548
407 0.005407
408 0.005487
409 0.005567
410 0.005618
411 0.005208
412 0.005424
413 0.005641
414 0.00586
415 0.005886
416 0.005904
417 0.005984
418 0.005869
419 0.00587
420 0.005879
421 0.006027
422 0.006147
423 0.005941
424 0.005873
425 0.00602
426 0.005982
427 0.005961
428 0.005744
429 0.005745
430 0.005217
431 0.004359
432 0.005405
433 0.005978
434 0.005905
435 0.005786
436 0.006225
437 0.006579
438 0.006382
439 0.00614
440 0.006402
441 0.006687
442 0.006947
443 0.007166
444 0.007193
445 0.007206
446 0.007091
447 0.007052
448 0.007473
449 0.007573
450 0.007657
451 0.008008
452 0.008054
453 0.007684
454 0.007495
455 0.007847
456 0.007909
457 0.008133
458 0.008145
459 0.007953
460 0.007912
461 0.008045
462 0.008181
463 0.008268
464 0.008185
465 0.008013
466 0.008022
467 0.007968
468 0.007935
469 0.008086
470 0.008035
471 0.007928
472 0.008133
473 0.008394
474 0.008295
475 0.008486
476 0.008491
477 0.008386
478 0.008615
479 0.008623
480 0.008627
481 0.008595
482 0.00867
483 0.008601
484 0.0085
485 0.008409
486 0.00766
487 0.007244
488 0.007851
489 0.008106
490 0.008448
491 0.00858
492 0.00829
493 0.008281
494 0.008391
495 0.008604
496 0.008618
497 0.008597
498 0.00854
499 0.00841
500 0.008408
501 0.008284
502 0.00813
503 0.008313
504 0.008482
505 0.008458
506 0.008781
507 0.008929
508 0.00881
509 0.00869
510 0.008564
511 0.008481
512 0.00866
513 0.008578
514 0.008382
515 0.008287
516 0.008424
517 0.007854
518 0.007396
519 0.007686
520 0.008238
521 0.008402
522 0.008568
523 0.008408
524 0.008568
525 0.00884
526 0.008754
527 0.008026
528 0.008228
529 0.008769
530 0.008868
531 0.009007
532 0.009038
533 0.008949
534 0.008836
535 0.008876
536 0.009151
537 0.008956
538 0.008969
539 0.00904
540 0.008849
541 0.008685
542 0.008887
543 0.009002
544 0.009091
545 0.009184
546 0.009219
547 0.009233
548 0.009138
549 0.009195
550 0.009318
551 0.009283
552 0.009329
553 0.009327
554 0.009313
555 0.00942
556 0.009387
557 0.009207
558 0.009107
559 0.009002
560 0.008893
561 0.009122
562 0.009218
563 0.009125
564 0.009183
565 0.009219
566 0.009151
567 0.009169
568 0.009344
569 0.009283
570 0.009271
571 0.009191
572 0.009219
573 0.00959
574 0.00965
575 0.009581
576 0.009453
577 0.009505
578 0.009537
579 0.00942
580 0.009505
581 0.009604
582 0.009663
583 0.009774
584 0.009796
585 0.009738
586 0.009577
587 0.009571
588 0.009716
589 0.009357
590 0.008972
591 0.009417
592 0.009653
593 0.009688
594 0.009687
595 0.009732
596 0.009703
597 0.009783
598 0.009786
599 0.00971
600 0.009745
601 0.009699
602 0.009599
603 0.009655
604 0.009846
605 0.009896
606 0.009855
607 0.009833
608 0.009807
609 0.009729
610 0.00969
611 0.009708
612 0.009738
613 0.009706
614 0.009599
615 0.009605
616 0.009543
617 0.009378
618 0.009539
619 0.009695
620 0.009769
621 0.009872
622 0.009818
623 0.009771
624 0.00973
625 0.009656
626 0.009635
627 0.009839
628 0.009973
629 0.009992
630 0.009892
631 0.009859
632 0.009732
633 0.009866
634 0.009826
635 0.009873
636 0.009883
637 0.00987
638 0.01002
639 0.01003
640 0.009842
641 0.009778
642 0.009751
643 0.009868
644 0.009848
645 0.009875
646 0.009804
647 0.00983
648 0.009913
649 0.009898
650 0.009617
651 0.009971
652 0.01004
653 0.009904
654 0.009836
655 0.009694
656 0.009067
657 0.008342
658 0.009244
659 0.009703
660 0.009749
661 0.009845
662 0.009914
663 0.009893
664 0.009786
665 0.009825
666 0.009862
667 0.009818
668 0.009804
669 0.009879
670 0.009866
671 0.00984
672 0.009805
673 0.009787
674 0.00978
675 0.009774
676 0.009769
677 0.009764
678 0.009762
679 0.00976
680 0.009759
681 0.009759
682 0.009761
683 0.009763
684 0.009767
685 0.009772
686 0.009778
687 0.009785
688 0.009793
689 0.009819
690 0.009881
691 0.009908
692 0.009868
693 0.009843
694 0.00987
695 0.009825
696 0.009827
697 0.009867
698 0.009743
699 0.009872
700 0.009908
701 0.009783
702 0.009731
703 0.009781
704 0.009838
705 0.009949
706 0.009895
707 0.009785
708 0.009806
709 0.009728
710 0.009673
711 0.009721
712 0.009597
713 0.00957
714 0.0096
715 0.00959
716 0.009564
717 0.009615
718 0.009613
719 0.009497
720 0.00951
721 0.009537
722 0.009551
723 0.009548
724 0.009598
725 0.009583
726 0.009511
727 0.009547
728 0.009537
729 0.00937
730 0.009339
731 0.009521
732 0.009508
733 0.00951
734 0.00952
735 0.009532
736 0.009441
737 0.009422
738 0.009418
739 0.009215
740 0.009237
741 0.009195
742 0.009135
743 0.009281
744 0.009427
745 0.009339
746 0.009447
747 0.00942
748 0.009461
749 0.009415
750 0.009317
