# Top-of-atmosphere (TOA) lunar irradiance from Miller and Turner (2009) by 10 nm increments
# First column wavelength (nm), second column TOA irradiance# Phase angle = 103
# Units = mW/m^2-micrometer

300 0.08647
310 0.0862
320 0.1307
330 0.2126
340 0.1915
350 0.1769
360 0.2335
370 0.2816
380 0.2456
390 0.2904
400 0.4186
410 0.4373
420 0.4552
430 0.402
440 0.4908
450 0.584
460 0.6004
470 0.6067
480 0.648
490 0.6314
500 0.6252
510 0.6336
520 0.6065
530 0.6495
540 0.6449
550 0.6756
560 0.6415
570 0.6654
580 0.6788
590 0.6375
600 0.689
610 0.6816
620 0.6837
630 0.6888
640 0.6818
650 0.6629
660 0.6686
670 0.6732
680 0.6625
690 0.6675
700 0.6659
710 0.6468
720 0.6327
730 0.6182
740 0.6084
750 0.6106
