# Top-of-atmosphere (TOA) lunar irradiance from Miller and Turner (2009)
# First column wavelength (nm), second column TOA irradiance# Lunar phase angle: 26
# Irradiance units: mW/m^2-micrometer

300 0.00142
301 0.001056
302 0.001331
303 0.001272
304 0.0018
305 0.001677
306 0.001713
307 0.001586
308 0.001845
309 0.001862
310 0.001422
311 0.001891
312 0.002244
313 0.00195
314 0.002117
315 0.001946
316 0.002005
317 0.001833
318 0.002554
319 0.001966
320 0.002167
321 0.002679
322 0.002126
323 0.00223
324 0.00208
325 0.002494
326 0.002795
327 0.003189
328 0.003097
329 0.002881
330 0.003543
331 0.003273
332 0.003243
333 0.003148
334 0.003018
335 0.00323
336 0.003294
337 0.002609
338 0.002866
339 0.003078
340 0.003208
341 0.003545
342 0.00311
343 0.003462
344 0.003482
345 0.002513
346 0.003432
347 0.003187
348 0.003164
349 0.003301
350 0.002977
351 0.003936
352 0.003515
353 0.00315
354 0.003804
355 0.00405
356 0.0038
357 0.003399
358 0.003089
359 0.002307
360 0.00395
361 0.003728
362 0.003306
363 0.003782
364 0.003574
365 0.003859
366 0.004432
367 0.004721
368 0.004555
369 0.004067
370 0.004788
371 0.004248
372 0.004917
373 0.004064
374 0.003511
375 0.003585
376 0.004311
377 0.004234
378 0.005106
379 0.005485
380 0.004196
381 0.004916
382 0.004472
383 0.003209
384 0.002676
385 0.003884
386 0.004089
387 0.004144
388 0.00405
389 0.003898
390 0.004987
391 0.005106
392 0.005949
393 0.004501
394 0.001962
395 0.004545
396 0.005883
397 0.003129
398 0.00352
399 0.006714
400 0.007226
401 0.007264
402 0.007907
403 0.008036
404 0.007876
405 0.007701
406 0.007491
407 0.0073
408 0.007407
409 0.007516
410 0.007585
411 0.007031
412 0.007323
413 0.007616
414 0.007911
415 0.007946
416 0.007971
417 0.008078
418 0.007923
419 0.007924
420 0.007936
421 0.008136
422 0.008299
423 0.008019
424 0.007928
425 0.008127
426 0.008075
427 0.008046
428 0.007753
429 0.007754
430 0.007042
431 0.005884
432 0.007296
433 0.008069
434 0.007971
435 0.007811
436 0.008402
437 0.008881
438 0.008615
439 0.008288
440 0.008642
441 0.009026
442 0.009377
443 0.009673
444 0.009709
445 0.009726
446 0.009572
447 0.009519
448 0.01009
449 0.01022
450 0.01033
451 0.01081
452 0.01087
453 0.01037
454 0.01012
455 0.01059
456 0.01067
457 0.01098
458 0.01099
459 0.01073
460 0.01068
461 0.01086
462 0.01104
463 0.01116
464 0.01105
465 0.01081
466 0.01083
467 0.01075
468 0.01071
469 0.01091
470 0.01084
471 0.0107
472 0.01098
473 0.01133
474 0.01119
475 0.01145
476 0.01146
477 0.01132
478 0.01163
479 0.01164
480 0.01164
481 0.0116
482 0.0117
483 0.01161
484 0.01147
485 0.01135
486 0.01034
487 0.009775
488 0.01059
489 0.01094
490 0.0114
491 0.01158
492 0.01119
493 0.01117
494 0.01132
495 0.01161
496 0.01163
497 0.0116
498 0.01152
499 0.01135
500 0.01134
501 0.01118
502 0.01097
503 0.01122
504 0.01144
505 0.01141
506 0.01185
507 0.01205
508 0.01189
509 0.01172
510 0.01155
511 0.01144
512 0.01168
513 0.01157
514 0.01131
515 0.01118
516 0.01136
517 0.0106
518 0.009977
519 0.01037
520 0.01111
521 0.01133
522 0.01156
523 0.01134
524 0.01156
525 0.01192
526 0.01181
527 0.01083
528 0.0111
529 0.01183
530 0.01196
531 0.01215
532 0.01219
533 0.01207
534 0.01192
535 0.01197
536 0.01234
537 0.01208
538 0.0121
539 0.01219
540 0.01194
541 0.01171
542 0.01199
543 0.01214
544 0.01226
545 0.01239
546 0.01243
547 0.01245
548 0.01233
549 0.0124
550 0.01257
551 0.01252
552 0.01258
553 0.01258
554 0.01256
555 0.01271
556 0.01266
557 0.01242
558 0.01228
559 0.01214
560 0.01199
561 0.0123
562 0.01243
563 0.01231
564 0.01238
565 0.01243
566 0.01234
567 0.01237
568 0.0126
569 0.01252
570 0.0125
571 0.0124
572 0.01243
573 0.01293
574 0.01301
575 0.01292
576 0.01275
577 0.01282
578 0.01286
579 0.0127
580 0.01282
581 0.01295
582 0.01303
583 0.01318
584 0.01321
585 0.01313
586 0.01291
587 0.01291
588 0.0131
589 0.01262
590 0.0121
591 0.0127
592 0.01302
593 0.01306
594 0.01306
595 0.01312
596 0.01308
597 0.01319
598 0.01319
599 0.01309
600 0.01314
601 0.01308
602 0.01294
603 0.01302
604 0.01327
605 0.01334
606 0.01329
607 0.01326
608 0.01322
609 0.01312
610 0.01306
611 0.01309
612 0.01313
613 0.01309
614 0.01294
615 0.01295
616 0.01287
617 0.01264
618 0.01286
619 0.01307
620 0.01317
621 0.01331
622 0.01324
623 0.01317
624 0.01312
625 0.01302
626 0.01299
627 0.01326
628 0.01345
629 0.01347
630 0.01334
631 0.01329
632 0.01312
633 0.0133
634 0.01325
635 0.01331
636 0.01332
637 0.01331
638 0.01351
639 0.01352
640 0.01327
641 0.01318
642 0.01314
643 0.0133
644 0.01328
645 0.01331
646 0.01322
647 0.01325
648 0.01336
649 0.01334
650 0.01296
651 0.01344
652 0.01353
653 0.01335
654 0.01326
655 0.01307
656 0.01222
657 0.01124
658 0.01246
659 0.01308
660 0.01314
661 0.01327
662 0.01336
663 0.01333
664 0.01319
665 0.01324
666 0.01329
667 0.01323
668 0.01321
669 0.01331
670 0.0133
671 0.01326
672 0.01321
673 0.01319
674 0.01318
675 0.01317
676 0.01316
677 0.01316
678 0.01316
679 0.01315
680 0.01315
681 0.01315
682 0.01315
683 0.01316
684 0.01316
685 0.01317
686 0.01318
687 0.01319
688 0.0132
689 0.01323
690 0.01332
691 0.01335
692 0.0133
693 0.01326
694 0.0133
695 0.01324
696 0.01324
697 0.0133
698 0.01313
699 0.0133
700 0.01335
701 0.01318
702 0.01311
703 0.01318
704 0.01326
705 0.01341
706 0.01333
707 0.01318
708 0.01321
709 0.01311
710 0.01303
711 0.0131
712 0.01293
713 0.01289
714 0.01293
715 0.01292
716 0.01289
717 0.01295
718 0.01295
719 0.0128
720 0.01281
721 0.01285
722 0.01287
723 0.01286
724 0.01293
725 0.01291
726 0.01281
727 0.01286
728 0.01285
729 0.01262
730 0.01258
731 0.01283
732 0.01281
733 0.01281
734 0.01283
735 0.01284
736 0.01272
737 0.01269
738 0.01269
739 0.01241
740 0.01244
741 0.01239
742 0.01231
743 0.0125
744 0.0127
745 0.01258
746 0.01273
747 0.01269
748 0.01274
749 0.01268
750 0.01255
