# Top-of-atmosphere (TOA) lunar irradiance from Miller and Turner (2009) by 10 nm increments
# First column wavelength (nm), second column TOA irradiance# Phase angle = 17
# Units = mW/m^2-micrometer

300 0.000727
310 0.0007283
320 0.001109
330 0.001813
340 0.001641
350 0.001523
360 0.002021
370 0.002449
380 0.002146
390 0.002549
400 0.003693
410 0.003876
420 0.004055
430 0.003597
440 0.004414
450 0.005277
460 0.005452
470 0.005535
480 0.005941
490 0.005816
500 0.005787
510 0.005893
520 0.005667
530 0.006099
540 0.006084
550 0.006405
560 0.006111
570 0.00637
580 0.006529
590 0.006161
600 0.006691
610 0.006651
620 0.006703
630 0.006786
640 0.00675
650 0.006594
660 0.006683
670 0.006761
680 0.006686
690 0.006768
700 0.006785
710 0.006622
720 0.006509
730 0.00639
740 0.006319
750 0.006372
