# Top-of-atmosphere (TOA) lunar irradiance from Miller and Turner (2009)
# First column wavelength (nm), second column TOA irradiance# Lunar phase angle: 50
# Irradiance units: mW/m^2-micrometer

300 0.0077
301 0.005728
302 0.007215
303 0.006896
304 0.009757
305 0.00909
306 0.009284
307 0.00859
308 0.009994
309 0.01008
310 0.007702
311 0.01024
312 0.01215
313 0.01055
314 0.01145
315 0.01053
316 0.01084
317 0.009915
318 0.01381
319 0.01063
320 0.01171
321 0.01448
322 0.01149
323 0.01204
324 0.01124
325 0.01347
326 0.01509
327 0.01721
328 0.01672
329 0.01555
330 0.01912
331 0.01766
332 0.01749
333 0.01698
334 0.01627
335 0.01741
336 0.01776
337 0.01406
338 0.01544
339 0.01658
340 0.01728
341 0.01909
342 0.01675
343 0.01864
344 0.01874
345 0.01353
346 0.01847
347 0.01715
348 0.01702
349 0.01775
350 0.01601
351 0.02116
352 0.01889
353 0.01693
354 0.02044
355 0.02176
356 0.02041
357 0.01825
358 0.01658
359 0.01239
360 0.0212
361 0.02001
362 0.01774
363 0.02029
364 0.01917
365 0.02069
366 0.02376
367 0.02531
368 0.02442
369 0.02179
370 0.02566
371 0.02276
372 0.02634
373 0.02177
374 0.0188
375 0.01919
376 0.02307
377 0.02266
378 0.02732
379 0.02934
380 0.02244
381 0.02629
382 0.02391
383 0.01716
384 0.0143
385 0.02075
386 0.02185
387 0.02214
388 0.02163
389 0.02082
390 0.02663
391 0.02726
392 0.03175
393 0.02402
394 0.01047
395 0.02425
396 0.03138
397 0.01669
398 0.01877
399 0.03579
400 0.03851
401 0.03871
402 0.04213
403 0.04281
404 0.04195
405 0.04101
406 0.03989
407 0.03886
408 0.03943
409 0.04
410 0.04036
411 0.03741
412 0.03895
413 0.0405
414 0.04206
415 0.04224
416 0.04237
417 0.04293
418 0.0421
419 0.0421
420 0.04215
421 0.04321
422 0.04406
423 0.04257
424 0.04208
425 0.04313
426 0.04285
427 0.04269
428 0.04113
429 0.04112
430 0.03734
431 0.0312
432 0.03867
433 0.04276
434 0.04223
435 0.04138
436 0.0445
437 0.04703
438 0.04561
439 0.04388
440 0.04574
441 0.04777
442 0.04962
443 0.05117
444 0.05135
445 0.05144
446 0.05061
447 0.05032
448 0.05331
449 0.05401
450 0.0546
451 0.0571
452 0.05741
453 0.05477
454 0.05341
455 0.05591
456 0.05634
457 0.05793
458 0.058
459 0.05662
460 0.05633
461 0.05726
462 0.05822
463 0.05883
464 0.05822
465 0.05699
466 0.05705
467 0.05665
468 0.0564
469 0.05747
470 0.0571
471 0.05632
472 0.05777
473 0.05961
474 0.0589
475 0.06025
476 0.06027
477 0.05951
478 0.06113
479 0.06117
480 0.06119
481 0.06095
482 0.06147
483 0.06097
484 0.06025
485 0.05959
486 0.05428
487 0.05132
488 0.05561
489 0.0574
490 0.05981
491 0.06074
492 0.05867
493 0.0586
494 0.05937
495 0.06086
496 0.06095
497 0.06079
498 0.06038
499 0.05945
500 0.05942
501 0.05854
502 0.05744
503 0.05872
504 0.0599
505 0.05972
506 0.06199
507 0.06303
508 0.06217
509 0.06132
510 0.06042
511 0.05982
512 0.06107
513 0.06048
514 0.05909
515 0.05841
516 0.05936
517 0.05534
518 0.0521
519 0.05413
520 0.05801
521 0.05915
522 0.06031
523 0.05917
524 0.06029
525 0.06219
526 0.06158
527 0.05644
528 0.05786
529 0.06165
530 0.06233
531 0.0633
532 0.0635
533 0.06287
534 0.06207
535 0.06233
536 0.06426
537 0.06287
538 0.06295
539 0.06344
540 0.06209
541 0.06092
542 0.06233
543 0.06313
544 0.06374
545 0.06438
546 0.06461
547 0.0647
548 0.06402
549 0.06441
550 0.06526
551 0.065
552 0.06531
553 0.06529
554 0.06518
555 0.06592
556 0.06567
557 0.0644
558 0.06369
559 0.06294
560 0.06217
561 0.06376
562 0.06442
563 0.06376
564 0.06415
565 0.06439
566 0.06391
567 0.06402
568 0.06523
569 0.06479
570 0.0647
571 0.06413
572 0.06431
573 0.06689
574 0.06729
575 0.0668
576 0.06589
577 0.06625
578 0.06645
579 0.06563
580 0.06621
581 0.06689
582 0.06729
583 0.06804
584 0.06819
585 0.06777
586 0.06664
587 0.06659
588 0.06758
589 0.06507
590 0.06238
591 0.06547
592 0.0671
593 0.06733
594 0.06731
595 0.06761
596 0.06739
597 0.06794
598 0.06794
599 0.0674
600 0.06764
601 0.06731
602 0.0666
603 0.06697
604 0.06828
605 0.06862
606 0.06833
607 0.06816
608 0.06797
609 0.06741
610 0.06713
611 0.06724
612 0.06744
613 0.06721
614 0.06645
615 0.06648
616 0.06604
617 0.06489
618 0.06599
619 0.06706
620 0.06756
621 0.06825
622 0.06787
623 0.06753
624 0.06724
625 0.06671
626 0.06656
627 0.06795
628 0.06887
629 0.06899
630 0.06828
631 0.06805
632 0.06715
633 0.06807
634 0.06778
635 0.06809
636 0.06815
637 0.06805
638 0.06907
639 0.06911
640 0.06781
641 0.06736
642 0.06716
643 0.06796
644 0.06781
645 0.06798
646 0.06748
647 0.06765
648 0.0682
649 0.06809
650 0.06615
651 0.06857
652 0.069
653 0.06808
654 0.0676
655 0.06661
656 0.06229
657 0.0573
658 0.06349
659 0.06663
660 0.06693
661 0.06758
662 0.06804
663 0.06788
664 0.06714
665 0.06739
666 0.06764
667 0.06732
668 0.06722
669 0.06772
670 0.06761
671 0.06743
672 0.06717
673 0.06704
674 0.06698
675 0.06692
676 0.06687
677 0.06683
678 0.0668
679 0.06678
680 0.06676
681 0.06675
682 0.06675
683 0.06675
684 0.06676
685 0.06679
686 0.06682
687 0.06685
688 0.06689
689 0.06706
690 0.06747
691 0.06764
692 0.06736
693 0.06718
694 0.06735
695 0.06703
696 0.06703
697 0.06729
698 0.06643
699 0.0673
700 0.06754
701 0.06667
702 0.0663
703 0.06663
704 0.06701
705 0.06775
706 0.06737
707 0.06661
708 0.06674
709 0.0662
710 0.06581
711 0.06612
712 0.06527
713 0.06508
714 0.06527
715 0.06519
716 0.065
717 0.06533
718 0.06531
719 0.06451
720 0.06459
721 0.06476
722 0.06484
723 0.06481
724 0.06514
725 0.06502
726 0.06452
727 0.06475
728 0.06468
729 0.06353
730 0.06331
731 0.06453
732 0.06443
733 0.06443
734 0.06449
735 0.06456
736 0.06393
737 0.06379
738 0.06376
739 0.06237
740 0.06251
741 0.06221
742 0.06179
743 0.06277
744 0.06374
745 0.06314
746 0.06386
747 0.06366
748 0.06393
749 0.06361
750 0.06294
