# Top-of-atmosphere (TOA) lunar irradiance from Miller and Turner (2009) by 10 nm increments
# First column wavelength (nm), second column TOA irradiance# Phase angle = 25
# Units = mW/m^2-micrometer

300 0.001317
310 0.001319
320 0.00201
330 0.003287
340 0.002975
350 0.002762
360 0.003664
370 0.004442
380 0.003893
390 0.004626
400 0.006703
410 0.007036
420 0.007363
430 0.006534
440 0.008017
450 0.009588
460 0.009907
470 0.01006
480 0.0108
490 0.01058
500 0.01053
510 0.01072
520 0.01031
530 0.0111
540 0.01108
550 0.01166
560 0.01113
570 0.0116
580 0.01189
590 0.01123
600 0.01219
610 0.01212
620 0.01222
630 0.01238
640 0.01231
650 0.01203
660 0.01219
670 0.01234
680 0.01221
690 0.01236
700 0.01239
710 0.0121
720 0.01189
730 0.01168
740 0.01155
750 0.01165
