# Top-of-atmosphere (TOA) lunar irradiance from Miller and Turner (2009)
# First column wavelength (nm), second column TOA irradiance# Lunar phase angle: 43
# Irradiance units: mW/m^2-micrometer

300 0.004858
301 0.003614
302 0.004552
303 0.004351
304 0.006157
305 0.005736
306 0.005859
307 0.005422
308 0.006308
309 0.006364
310 0.004862
311 0.006461
312 0.007669
313 0.006663
314 0.007232
315 0.006647
316 0.006847
317 0.006261
318 0.008722
319 0.006711
320 0.007399
321 0.009145
322 0.007258
323 0.007609
324 0.007099
325 0.008511
326 0.009537
327 0.01088
328 0.01057
329 0.009827
330 0.01208
331 0.01116
332 0.01106
333 0.01073
334 0.01029
335 0.01101
336 0.01123
337 0.008891
338 0.009765
339 0.01049
340 0.01093
341 0.01207
342 0.01059
343 0.01179
344 0.01186
345 0.008557
346 0.01168
347 0.01085
348 0.01077
349 0.01123
350 0.01013
351 0.01339
352 0.01196
353 0.01072
354 0.01294
355 0.01377
356 0.01292
357 0.01156
358 0.0105
359 0.007843
360 0.01343
361 0.01267
362 0.01123
363 0.01285
364 0.01214
365 0.01311
366 0.01505
367 0.01603
368 0.01547
369 0.01381
370 0.01626
371 0.01442
372 0.01669
373 0.01379
374 0.01191
375 0.01216
376 0.01463
377 0.01436
378 0.01732
379 0.0186
380 0.01423
381 0.01667
382 0.01516
383 0.01088
384 0.009071
385 0.01316
386 0.01386
387 0.01404
388 0.01372
389 0.01321
390 0.01689
391 0.0173
392 0.02015
393 0.01524
394 0.006643
395 0.01539
396 0.01992
397 0.01059
398 0.01191
399 0.02272
400 0.02445
401 0.02458
402 0.02675
403 0.02718
404 0.02664
405 0.02604
406 0.02533
407 0.02468
408 0.02504
409 0.0254
410 0.02564
411 0.02376
412 0.02474
413 0.02573
414 0.02672
415 0.02684
416 0.02692
417 0.02728
418 0.02675
419 0.02675
420 0.02679
421 0.02747
422 0.02801
423 0.02707
424 0.02675
425 0.02742
426 0.02724
427 0.02714
428 0.02615
429 0.02615
430 0.02375
431 0.01984
432 0.0246
433 0.0272
434 0.02687
435 0.02633
436 0.02832
437 0.02993
438 0.02903
439 0.02792
440 0.02911
441 0.0304
442 0.03158
443 0.03257
444 0.03269
445 0.03274
446 0.03222
447 0.03204
448 0.03395
449 0.03439
450 0.03477
451 0.03637
452 0.03657
453 0.03488
454 0.03402
455 0.03562
456 0.03589
457 0.0369
458 0.03695
459 0.03608
460 0.03589
461 0.03649
462 0.0371
463 0.03749
464 0.03711
465 0.03632
466 0.03636
467 0.03611
468 0.03596
469 0.03664
470 0.03641
471 0.03591
472 0.03684
473 0.03802
474 0.03756
475 0.03843
476 0.03844
477 0.03796
478 0.039
479 0.03902
480 0.03904
481 0.03889
482 0.03922
483 0.03891
484 0.03845
485 0.03803
486 0.03464
487 0.03276
488 0.0355
489 0.03664
490 0.03819
491 0.03878
492 0.03746
493 0.03742
494 0.03791
495 0.03887
496 0.03892
497 0.03883
498 0.03857
499 0.03797
500 0.03796
501 0.0374
502 0.03669
503 0.03752
504 0.03827
505 0.03816
506 0.03962
507 0.04028
508 0.03974
509 0.03919
510 0.03862
511 0.03824
512 0.03904
513 0.03867
514 0.03778
515 0.03735
516 0.03796
517 0.03539
518 0.03332
519 0.03462
520 0.0371
521 0.03784
522 0.03858
523 0.03785
524 0.03857
525 0.03979
526 0.0394
527 0.03612
528 0.03703
529 0.03945
530 0.03989
531 0.04052
532 0.04065
533 0.04025
534 0.03973
535 0.03991
536 0.04114
537 0.04026
538 0.04031
539 0.04063
540 0.03976
541 0.03902
542 0.03992
543 0.04044
544 0.04083
545 0.04124
546 0.04139
547 0.04145
548 0.04102
549 0.04127
550 0.04182
551 0.04166
552 0.04186
553 0.04185
554 0.04178
555 0.04225
556 0.0421
557 0.04129
558 0.04083
559 0.04036
560 0.03986
561 0.04089
562 0.04131
563 0.04089
564 0.04115
565 0.0413
566 0.04099
567 0.04107
568 0.04185
569 0.04157
570 0.04151
571 0.04115
572 0.04127
573 0.04293
574 0.04319
575 0.04287
576 0.0423
577 0.04252
578 0.04266
579 0.04213
580 0.04251
581 0.04295
582 0.0432
583 0.04369
584 0.04379
585 0.04352
586 0.0428
587 0.04277
588 0.04341
589 0.0418
590 0.04007
591 0.04206
592 0.04311
593 0.04326
594 0.04325
595 0.04345
596 0.04331
597 0.04366
598 0.04367
599 0.04333
600 0.04348
601 0.04327
602 0.04282
603 0.04306
604 0.04391
605 0.04413
606 0.04394
607 0.04383
608 0.04371
609 0.04336
610 0.04318
611 0.04326
612 0.04338
613 0.04324
614 0.04275
615 0.04278
616 0.04249
617 0.04176
618 0.04247
619 0.04316
620 0.04348
621 0.04393
622 0.04369
623 0.04347
624 0.04329
625 0.04295
626 0.04286
627 0.04376
628 0.04435
629 0.04443
630 0.04398
631 0.04383
632 0.04326
633 0.04385
634 0.04366
635 0.04387
636 0.0439
637 0.04384
638 0.04451
639 0.04454
640 0.0437
641 0.04341
642 0.04329
643 0.0438
644 0.04371
645 0.04383
646 0.0435
647 0.04361
648 0.04398
649 0.0439
650 0.04266
651 0.04422
652 0.0445
653 0.04391
654 0.0436
655 0.04297
656 0.04018
657 0.03697
658 0.04096
659 0.04299
660 0.04319
661 0.04361
662 0.04391
663 0.04381
664 0.04333
665 0.0435
666 0.04366
667 0.04346
668 0.04339
669 0.04372
670 0.04365
671 0.04354
672 0.04338
673 0.04329
674 0.04325
675 0.04322
676 0.04319
677 0.04317
678 0.04315
679 0.04314
680 0.04313
681 0.04313
682 0.04313
683 0.04313
684 0.04314
685 0.04316
686 0.04318
687 0.04321
688 0.04324
689 0.04335
690 0.04362
691 0.04373
692 0.04355
693 0.04344
694 0.04355
695 0.04335
696 0.04335
697 0.04352
698 0.04297
699 0.04353
700 0.04369
701 0.04313
702 0.04289
703 0.04311
704 0.04336
705 0.04384
706 0.0436
707 0.04311
708 0.0432
709 0.04285
710 0.0426
711 0.0428
712 0.04225
713 0.04213
714 0.04226
715 0.04221
716 0.04209
717 0.04231
718 0.04229
719 0.04178
720 0.04183
721 0.04195
722 0.042
723 0.04199
724 0.0422
725 0.04213
726 0.04181
727 0.04196
728 0.04191
729 0.04117
730 0.04103
731 0.04182
732 0.04176
733 0.04177
734 0.04181
735 0.04186
736 0.04145
737 0.04136
738 0.04134
739 0.04044
740 0.04054
741 0.04034
742 0.04008
743 0.04072
744 0.04135
745 0.04096
746 0.04143
747 0.0413
748 0.04148
749 0.04127
750 0.04084
