# Top-of-atmosphere (TOA) lunar irradiance from Miller and Turner (2009) by 10 nm increments
# First column wavelength (nm), second column TOA irradiance# Phase angle = 72
# Units = mW/m^2-micrometer

300 0.02712
310 0.02706
320 0.04108
330 0.06689
340 0.06032
350 0.05577
360 0.07371
370 0.08901
380 0.0777
390 0.09198
400 0.1328
410 0.1388
420 0.1447
430 0.1279
440 0.1563
450 0.1862
460 0.1917
470 0.1939
480 0.2073
490 0.2022
500 0.2005
510 0.2034
520 0.1949
530 0.209
540 0.2077
550 0.2178
560 0.2071
570 0.215
580 0.2196
590 0.2064
600 0.2234
610 0.2212
620 0.2221
630 0.224
640 0.222
650 0.2161
660 0.2182
670 0.2199
680 0.2167
690 0.2186
700 0.2183
710 0.2123
720 0.2079
730 0.2033
740 0.2003
750 0.2013
