# Top-of-atmosphere (TOA) lunar irradiance from Miller and Turner (2009) by 10 nm increments
# First column wavelength (nm), second column TOA irradiance# Phase angle = 54
# Units = mW/m^2-micrometer

300 0.00992
310 0.009917
320 0.01508
330 0.02459
340 0.02222
350 0.02057
360 0.02724
370 0.03295
380 0.02881
390 0.03416
400 0.04939
410 0.05173
420 0.054
430 0.04782
440 0.05855
450 0.06986
460 0.07203
470 0.07298
480 0.07818
490 0.07638
500 0.07585
510 0.07708
520 0.07398
530 0.07946
540 0.07911
550 0.08311
560 0.07914
570 0.08232
580 0.0842
590 0.0793
600 0.08594
610 0.08526
620 0.08576
630 0.08664
640 0.08601
650 0.08386
660 0.08481
670 0.08563
680 0.08451
690 0.08538
700 0.08542
710 0.0832
720 0.08162
730 0.07997
740 0.07892
750 0.07942
