# Top-of-atmosphere (TOA) lunar irradiance from Miller and Turner (2009) by 10 nm increments
# First column wavelength (nm), second column TOA irradiance# Phase angle = 44
# Units = mW/m^2-micrometer

300 0.005188
310 0.005192
320 0.007901
330 0.0129
340 0.01167
350 0.01081
360 0.01433
370 0.01735
380 0.01519
390 0.01803
400 0.02609
410 0.02735
420 0.02858
430 0.02534
440 0.03105
450 0.03709
460 0.03828
470 0.03882
480 0.04163
490 0.04071
500 0.04047
510 0.04117
520 0.03955
530 0.04252
540 0.04237
550 0.04456
560 0.04248
570 0.04423
580 0.04529
590 0.04269
600 0.04631
610 0.04599
620 0.04631
630 0.04683
640 0.04653
650 0.04541
660 0.04598
670 0.04647
680 0.04591
690 0.04642
700 0.04649
710 0.04533
720 0.04451
730 0.04365
740 0.04312
750 0.04344
