# Top-of-atmosphere (TOA) lunar irradiance from Miller and Turner (2009) by 10 nm increments
# First column wavelength (nm), second column TOA irradiance# Phase angle = 109
# Units = mW/m^2-micrometer

300 0.1025
310 0.1022
320 0.1549
330 0.252
340 0.227
350 0.2096
360 0.2767
370 0.3337
380 0.291
390 0.3441
400 0.496
410 0.518
420 0.5393
430 0.4762
440 0.5814
450 0.6917
460 0.7111
470 0.7185
480 0.7674
490 0.7477
500 0.7403
510 0.7502
520 0.718
530 0.7689
540 0.7634
550 0.7997
560 0.7593
570 0.7876
580 0.8033
590 0.7544
600 0.8153
610 0.8064
620 0.8089
630 0.8149
640 0.8066
650 0.7842
660 0.7908
670 0.7962
680 0.7836
690 0.7894
700 0.7875
710 0.7648
720 0.7481
730 0.7309
740 0.7193
750 0.7218
