# Top-of-atmosphere (TOA) lunar irradiance from Miller and Turner (2009) by 10 nm increments
# First column wavelength (nm), second column TOA irradiance# Phase angle = 19
# Units = mW/m^2-micrometer

300 0.0008407
310 0.0008423
320 0.001283
330 0.002098
340 0.0019
350 0.001763
360 0.002339
370 0.002836
380 0.002485
390 0.002953
400 0.004279
410 0.004492
420 0.0047
430 0.00417
440 0.005118
450 0.00612
460 0.006324
470 0.006422
480 0.006894
490 0.006751
500 0.006718
510 0.006842
520 0.006582
530 0.007084
540 0.007069
550 0.007443
560 0.007103
570 0.007405
580 0.007591
590 0.007164
600 0.007782
610 0.007737
620 0.0078
630 0.007897
640 0.007857
650 0.007677
660 0.007782
670 0.007874
680 0.007789
690 0.007886
700 0.007907
710 0.007719
720 0.007588
730 0.007451
740 0.00737
750 0.007433
