# Top-of-atmosphere (TOA) lunar irradiance from Miller and Turner (2009) by 10 nm increments
# First column wavelength (nm), second column TOA irradiance# Phase angle = 35
# Units = mW/m^2-micrometer

300 0.002765
310 0.002769
320 0.004218
330 0.006892
340 0.006237
350 0.005786
360 0.007674
370 0.009298
380 0.008144
390 0.009674
400 0.01401
410 0.0147
420 0.01537
430 0.01364
440 0.01673
450 0.01999
460 0.02065
470 0.02096
480 0.02249
490 0.02201
500 0.0219
510 0.02229
520 0.02143
530 0.02306
540 0.023
550 0.0242
560 0.02309
570 0.02406
580 0.02465
590 0.02326
600 0.02525
610 0.02509
620 0.02528
630 0.02559
640 0.02544
650 0.02485
660 0.02518
670 0.02547
680 0.02518
690 0.02548
700 0.02554
710 0.02492
720 0.02448
730 0.02403
740 0.02376
750 0.02395
