# Top-of-atmosphere (TOA) lunar irradiance from Miller and Turner (2009)
# First column wavelength (nm), second column TOA irradiance# Lunar phase angle: 36
# Irradiance units: mW/m^2-micrometer

300 0.002975
301 0.002213
302 0.002788
303 0.002666
304 0.003772
305 0.003515
306 0.00359
307 0.003322
308 0.003865
309 0.0039
310 0.00298
311 0.00396
312 0.004701
313 0.004084
314 0.004433
315 0.004075
316 0.004198
317 0.003839
318 0.005348
319 0.004115
320 0.004538
321 0.005608
322 0.004451
323 0.004667
324 0.004354
325 0.005221
326 0.00585
327 0.006673
328 0.006482
329 0.006029
330 0.007414
331 0.006848
332 0.006785
333 0.006587
334 0.006314
335 0.006757
336 0.006891
337 0.005458
338 0.005995
339 0.006438
340 0.006708
341 0.007413
342 0.006503
343 0.007239
344 0.007281
345 0.005255
346 0.007175
347 0.006663
348 0.006614
349 0.0069
350 0.006223
351 0.008228
352 0.007346
353 0.006584
354 0.007949
355 0.008463
356 0.007939
357 0.007101
358 0.006453
359 0.004821
360 0.008253
361 0.007788
362 0.006906
363 0.0079
364 0.007464
365 0.008059
366 0.009256
367 0.009859
368 0.009513
369 0.008492
370 0.009998
371 0.008869
372 0.01026
373 0.008485
374 0.00733
375 0.007483
376 0.008998
377 0.008837
378 0.01066
379 0.01145
380 0.008757
381 0.01026
382 0.009331
383 0.006697
384 0.005584
385 0.008102
386 0.008531
387 0.008644
388 0.008449
389 0.00813
390 0.0104
391 0.01065
392 0.01241
393 0.009387
394 0.004091
395 0.009477
396 0.01227
397 0.006524
398 0.007339
399 0.014
400 0.01506
401 0.01514
402 0.01648
403 0.01675
404 0.01641
405 0.01605
406 0.01561
407 0.01521
408 0.01543
409 0.01566
410 0.0158
411 0.01465
412 0.01526
413 0.01586
414 0.01648
415 0.01655
416 0.0166
417 0.01683
418 0.0165
419 0.0165
420 0.01653
421 0.01694
422 0.01728
423 0.0167
424 0.0165
425 0.01692
426 0.01681
427 0.01675
428 0.01614
429 0.01614
430 0.01466
431 0.01225
432 0.01518
433 0.01679
434 0.01659
435 0.01625
436 0.01748
437 0.01848
438 0.01792
439 0.01724
440 0.01798
441 0.01878
442 0.0195
443 0.02012
444 0.02019
445 0.02023
446 0.0199
447 0.01979
448 0.02097
449 0.02125
450 0.02149
451 0.02247
452 0.0226
453 0.02156
454 0.02103
455 0.02201
456 0.02218
457 0.02281
458 0.02284
459 0.0223
460 0.02219
461 0.02256
462 0.02294
463 0.02318
464 0.02295
465 0.02246
466 0.02249
467 0.02234
468 0.02224
469 0.02266
470 0.02252
471 0.02222
472 0.02279
473 0.02352
474 0.02324
475 0.02378
476 0.02379
477 0.02349
478 0.02413
479 0.02415
480 0.02416
481 0.02407
482 0.02428
483 0.02409
484 0.0238
485 0.02355
486 0.02145
487 0.02028
488 0.02198
489 0.02269
490 0.02365
491 0.02402
492 0.0232
493 0.02318
494 0.02348
495 0.02408
496 0.02412
497 0.02406
498 0.0239
499 0.02353
500 0.02352
501 0.02317
502 0.02274
503 0.02325
504 0.02372
505 0.02366
506 0.02456
507 0.02497
508 0.02464
509 0.0243
510 0.02394
511 0.02371
512 0.02421
513 0.02398
514 0.02343
515 0.02316
516 0.02355
517 0.02195
518 0.02067
519 0.02148
520 0.02302
521 0.02348
522 0.02394
523 0.02349
524 0.02393
525 0.02469
526 0.02445
527 0.02242
528 0.02298
529 0.02449
530 0.02477
531 0.02515
532 0.02524
533 0.02499
534 0.02467
535 0.02478
536 0.02555
537 0.025
538 0.02503
539 0.02523
540 0.0247
541 0.02424
542 0.0248
543 0.02512
544 0.02537
545 0.02562
546 0.02572
547 0.02576
548 0.02549
549 0.02565
550 0.02599
551 0.02589
552 0.02602
553 0.02601
554 0.02597
555 0.02627
556 0.02617
557 0.02567
558 0.02539
559 0.02509
560 0.02479
561 0.02543
562 0.02569
563 0.02543
564 0.02559
565 0.02569
566 0.0255
567 0.02555
568 0.02604
569 0.02586
570 0.02583
571 0.0256
572 0.02568
573 0.02671
574 0.02688
575 0.02668
576 0.02633
577 0.02647
578 0.02656
579 0.02623
580 0.02646
581 0.02674
582 0.0269
583 0.02721
584 0.02727
585 0.02711
586 0.02665
587 0.02664
588 0.02704
589 0.02604
590 0.02496
591 0.0262
592 0.02686
593 0.02695
594 0.02695
595 0.02707
596 0.02699
597 0.02721
598 0.02722
599 0.027
600 0.0271
601 0.02697
602 0.02669
603 0.02684
604 0.02737
605 0.02751
606 0.0274
607 0.02733
608 0.02726
609 0.02704
610 0.02693
611 0.02698
612 0.02706
613 0.02697
614 0.02667
615 0.02669
616 0.02651
617 0.02605
618 0.0265
619 0.02693
620 0.02713
621 0.02742
622 0.02727
623 0.02713
624 0.02702
625 0.02681
626 0.02675
627 0.02732
628 0.02769
629 0.02774
630 0.02746
631 0.02737
632 0.02701
633 0.02738
634 0.02727
635 0.0274
636 0.02742
637 0.02739
638 0.0278
639 0.02782
640 0.0273
641 0.02712
642 0.02705
643 0.02737
644 0.02731
645 0.02739
646 0.02719
647 0.02726
648 0.02749
649 0.02744
650 0.02666
651 0.02764
652 0.02782
653 0.02745
654 0.02726
655 0.02687
656 0.02513
657 0.02312
658 0.02562
659 0.02689
660 0.02701
661 0.02728
662 0.02747
663 0.02741
664 0.02711
665 0.02722
666 0.02732
667 0.02719
668 0.02715
669 0.02736
670 0.02732
671 0.02725
672 0.02715
673 0.0271
674 0.02708
675 0.02706
676 0.02704
677 0.02703
678 0.02702
679 0.02701
680 0.02701
681 0.02701
682 0.02701
683 0.02702
684 0.02702
685 0.02704
686 0.02705
687 0.02707
688 0.02709
689 0.02716
690 0.02733
691 0.0274
692 0.02729
693 0.02722
694 0.02729
695 0.02717
696 0.02717
697 0.02728
698 0.02693
699 0.02729
700 0.02739
701 0.02704
702 0.02689
703 0.02703
704 0.02719
705 0.02749
706 0.02734
707 0.02704
708 0.02709
709 0.02688
710 0.02672
711 0.02685
712 0.02651
713 0.02643
714 0.02651
715 0.02649
716 0.02641
717 0.02655
718 0.02654
719 0.02622
720 0.02626
721 0.02633
722 0.02637
723 0.02636
724 0.02649
725 0.02645
726 0.02625
727 0.02635
728 0.02632
729 0.02586
730 0.02577
731 0.02627
732 0.02623
733 0.02624
734 0.02626
735 0.02629
736 0.02604
737 0.02599
738 0.02598
739 0.02541
740 0.02547
741 0.02535
742 0.02519
743 0.02559
744 0.02599
745 0.02575
746 0.02604
747 0.02597
748 0.02608
749 0.02595
750 0.02568
