# Top-of-atmosphere (TOA) lunar irradiance from Miller and Turner (2009)
# First column wavelength (nm), second column TOA irradiance# Lunar phase angle: 107
# Irradiance units: mW/m^2-micrometer

300 0.09686
301 0.07202
302 0.09069
303 0.08666
304 0.1226
305 0.1142
306 0.1165
307 0.1078
308 0.1254
309 0.1265
310 0.09656
311 0.1283
312 0.1522
313 0.1322
314 0.1434
315 0.1318
316 0.1357
317 0.124
318 0.1727
319 0.1328
320 0.1464
321 0.1808
322 0.1435
323 0.1504
324 0.1402
325 0.1681
326 0.1882
327 0.2146
328 0.2084
329 0.1937
330 0.2381
331 0.2198
332 0.2177
333 0.2113
334 0.2024
335 0.2165
336 0.2207
337 0.1747
338 0.1918
339 0.2059
340 0.2145
341 0.2369
342 0.2077
343 0.2311
344 0.2324
345 0.1676
346 0.2288
347 0.2124
348 0.2107
349 0.2197
350 0.1981
351 0.2618
352 0.2336
353 0.2093
354 0.2526
355 0.2688
356 0.252
357 0.2253
358 0.2047
359 0.1528
360 0.2615
361 0.2467
362 0.2186
363 0.25
364 0.2361
365 0.2548
366 0.2925
367 0.3114
368 0.3003
369 0.268
370 0.3154
371 0.2796
372 0.3235
373 0.2673
374 0.2308
375 0.2355
376 0.2831
377 0.2779
378 0.3349
379 0.3596
380 0.275
381 0.322
382 0.2927
383 0.21
384 0.175
385 0.2539
386 0.2672
387 0.2706
388 0.2644
389 0.2543
390 0.3252
391 0.3328
392 0.3875
393 0.2931
394 0.1277
395 0.2956
396 0.3824
397 0.2033
398 0.2286
399 0.4358
400 0.4688
401 0.471
402 0.5125
403 0.5206
404 0.5099
405 0.4984
406 0.4845
407 0.4719
408 0.4786
409 0.4854
410 0.4896
411 0.4536
412 0.4722
413 0.4908
414 0.5096
415 0.5116
416 0.5129
417 0.5196
418 0.5093
419 0.5092
420 0.5097
421 0.5223
422 0.5324
423 0.5143
424 0.5081
425 0.5206
426 0.517
427 0.5149
428 0.4959
429 0.4958
430 0.45
431 0.3758
432 0.4658
433 0.5149
434 0.5083
435 0.4978
436 0.5353
437 0.5655
438 0.5483
439 0.5272
440 0.5494
441 0.5736
442 0.5956
443 0.6141
444 0.6161
445 0.6168
446 0.6067
447 0.6031
448 0.6387
449 0.6469
450 0.6537
451 0.6834
452 0.6869
453 0.655
454 0.6386
455 0.6683
456 0.6732
457 0.6919
458 0.6926
459 0.6759
460 0.6721
461 0.683
462 0.6942
463 0.7013
464 0.6939
465 0.6789
466 0.6794
467 0.6745
468 0.6713
469 0.6837
470 0.6791
471 0.6697
472 0.6867
473 0.7083
474 0.6996
475 0.7154
476 0.7154
477 0.7062
478 0.7252
479 0.7254
480 0.7254
481 0.7223
482 0.7283
483 0.7221
484 0.7133
485 0.7053
486 0.6421
487 0.607
488 0.6575
489 0.6785
490 0.7067
491 0.7174
492 0.6928
493 0.6917
494 0.7006
495 0.7179
496 0.7187
497 0.7166
498 0.7115
499 0.7004
500 0.6998
501 0.6891
502 0.676
503 0.6909
504 0.7045
505 0.7022
506 0.7287
507 0.7405
508 0.7303
509 0.72
510 0.7092
511 0.7019
512 0.7164
513 0.7092
514 0.6927
515 0.6845
516 0.6954
517 0.648
518 0.6099
519 0.6335
520 0.6787
521 0.6918
522 0.7052
523 0.6916
524 0.7044
525 0.7264
526 0.719
527 0.6588
528 0.6751
529 0.7191
530 0.7269
531 0.7379
532 0.74
533 0.7324
534 0.7228
535 0.7257
536 0.7478
537 0.7315
538 0.7321
539 0.7376
540 0.7216
541 0.7079
542 0.724
543 0.733
544 0.7399
545 0.747
546 0.7495
547 0.7503
548 0.7422
549 0.7464
550 0.756
551 0.7528
552 0.7561
553 0.7556
554 0.7541
555 0.7624
556 0.7593
557 0.7443
558 0.7359
559 0.727
560 0.7178
561 0.736
562 0.7434
563 0.7355
564 0.7397
565 0.7423
566 0.7364
567 0.7375
568 0.7512
569 0.7459
570 0.7446
571 0.7378
572 0.7396
573 0.769
574 0.7734
575 0.7675
576 0.7569
577 0.7606
578 0.7628
579 0.7531
580 0.7595
581 0.767
582 0.7713
583 0.7797
584 0.7811
585 0.7761
586 0.7628
587 0.762
588 0.7732
589 0.7442
590 0.7132
591 0.7482
592 0.7666
593 0.769
594 0.7685
595 0.7717
596 0.7689
597 0.7749
598 0.7747
599 0.7683
600 0.7708
601 0.7667
602 0.7584
603 0.7624
604 0.7771
605 0.7807
606 0.7771
607 0.7749
608 0.7725
609 0.7659
610 0.7625
611 0.7635
612 0.7655
613 0.7626
614 0.7537
615 0.7539
616 0.7486
617 0.7353
618 0.7475
619 0.7594
620 0.7648
621 0.7724
622 0.7678
623 0.7637
624 0.7602
625 0.754
626 0.752
627 0.7675
628 0.7776
629 0.7787
630 0.7705
631 0.7675
632 0.7572
633 0.7673
634 0.7638
635 0.767
636 0.7674
637 0.766
638 0.7773
639 0.7775
640 0.7627
641 0.7573
642 0.7549
643 0.7635
644 0.7616
645 0.7633
646 0.7574
647 0.759
648 0.765
649 0.7635
650 0.7415
651 0.7684
652 0.7729
653 0.7624
654 0.7568
655 0.7455
656 0.6969
657 0.6409
658 0.7098
659 0.7447
660 0.7478
661 0.7548
662 0.7597
663 0.7577
664 0.7491
665 0.7517
666 0.7542
667 0.7504
668 0.749
669 0.7543
670 0.7529
671 0.7506
672 0.7475
673 0.7458
674 0.7448
675 0.744
676 0.7432
677 0.7425
678 0.7419
679 0.7414
680 0.741
681 0.7406
682 0.7403
683 0.7402
684 0.7401
685 0.7401
686 0.7401
687 0.7403
688 0.7405
689 0.7421
690 0.7464
691 0.7481
692 0.7446
693 0.7424
694 0.7441
695 0.7403
696 0.74
697 0.7427
698 0.733
699 0.7423
700 0.7447
701 0.7349
702 0.7306
703 0.734
704 0.7379
705 0.7458
706 0.7414
707 0.7328
708 0.734
709 0.7278
710 0.7233
711 0.7265
712 0.7169
713 0.7145
714 0.7164
715 0.7152
716 0.7129
717 0.7164
718 0.7158
719 0.7069
720 0.7075
721 0.7091
722 0.7098
723 0.7092
724 0.7126
725 0.7111
726 0.7054
727 0.7077
728 0.7066
729 0.6939
730 0.6912
731 0.7043
732 0.703
733 0.7028
734 0.7032
735 0.7037
736 0.6966
737 0.6948
738 0.6943
739 0.6789
740 0.6802
741 0.6767
742 0.672
743 0.6824
744 0.6927
745 0.686
746 0.6936
747 0.6912
748 0.6939
749 0.6901
750 0.6826
