# Top-of-atmosphere (TOA) lunar irradiance from Miller and Turner (2009)
# First column wavelength (nm), second column TOA irradiance# Lunar phase angle: 102
# Irradiance units: mW/m^2-micrometer

300 0.08405
301 0.0625
302 0.0787
303 0.0752
304 0.1064
305 0.09906
306 0.1011
307 0.09355
308 0.1088
309 0.1097
310 0.08379
311 0.1113
312 0.1321
313 0.1147
314 0.1244
315 0.1143
316 0.1177
317 0.1076
318 0.1499
319 0.1153
320 0.127
321 0.1569
322 0.1245
323 0.1305
324 0.1217
325 0.1458
326 0.1634
327 0.1862
328 0.1808
329 0.1681
330 0.2067
331 0.1908
332 0.189
333 0.1834
334 0.1757
335 0.1879
336 0.1916
337 0.1516
338 0.1665
339 0.1787
340 0.1861
341 0.2056
342 0.1803
343 0.2006
344 0.2017
345 0.1455
346 0.1986
347 0.1843
348 0.1829
349 0.1907
350 0.1719
351 0.2272
352 0.2028
353 0.1816
354 0.2192
355 0.2333
356 0.2187
357 0.1956
358 0.1776
359 0.1326
360 0.227
361 0.2141
362 0.1898
363 0.217
364 0.2049
365 0.2212
366 0.2539
367 0.2703
368 0.2607
369 0.2326
370 0.2738
371 0.2427
372 0.2808
373 0.232
374 0.2003
375 0.2044
376 0.2457
377 0.2412
378 0.2907
379 0.3122
380 0.2387
381 0.2795
382 0.2541
383 0.1823
384 0.1519
385 0.2204
386 0.2319
387 0.2349
388 0.2295
389 0.2207
390 0.2823
391 0.2889
392 0.3364
393 0.2544
394 0.1108
395 0.2566
396 0.332
397 0.1765
398 0.1985
399 0.3783
400 0.407
401 0.4089
402 0.4449
403 0.452
404 0.4427
405 0.4327
406 0.4206
407 0.4097
408 0.4155
409 0.4214
410 0.4251
411 0.3939
412 0.41
413 0.4262
414 0.4425
415 0.4442
416 0.4454
417 0.4512
418 0.4422
419 0.4421
420 0.4426
421 0.4535
422 0.4623
423 0.4465
424 0.4412
425 0.452
426 0.449
427 0.4471
428 0.4306
429 0.4305
430 0.3908
431 0.3263
432 0.4045
433 0.4471
434 0.4414
435 0.4323
436 0.4648
437 0.4911
438 0.4761
439 0.4578
440 0.4771
441 0.4981
442 0.5172
443 0.5332
444 0.535
445 0.5356
446 0.5269
447 0.5237
448 0.5547
449 0.5618
450 0.5677
451 0.5935
452 0.5966
453 0.5689
454 0.5546
455 0.5804
456 0.5846
457 0.6009
458 0.6015
459 0.587
460 0.5837
461 0.5932
462 0.6029
463 0.6091
464 0.6026
465 0.5896
466 0.5901
467 0.5858
468 0.583
469 0.5938
470 0.5898
471 0.5816
472 0.5964
473 0.6152
474 0.6076
475 0.6214
476 0.6214
477 0.6134
478 0.6298
479 0.6301
480 0.63
481 0.6274
482 0.6326
483 0.6272
484 0.6196
485 0.6126
486 0.5578
487 0.5272
488 0.5711
489 0.5893
490 0.6139
491 0.6232
492 0.6018
493 0.6008
494 0.6085
495 0.6236
496 0.6243
497 0.6225
498 0.6181
499 0.6084
500 0.6079
501 0.5986
502 0.5872
503 0.6001
504 0.612
505 0.61
506 0.633
507 0.6433
508 0.6344
509 0.6255
510 0.6161
511 0.6098
512 0.6223
513 0.6161
514 0.6018
515 0.5946
516 0.6042
517 0.563
518 0.5299
519 0.5504
520 0.5896
521 0.6011
522 0.6126
523 0.6008
524 0.612
525 0.6311
526 0.6247
527 0.5724
528 0.5866
529 0.6248
530 0.6315
531 0.6411
532 0.6429
533 0.6363
534 0.628
535 0.6305
536 0.6497
537 0.6356
538 0.6361
539 0.6409
540 0.627
541 0.615
542 0.629
543 0.6369
544 0.6429
545 0.6491
546 0.6512
547 0.6519
548 0.6449
549 0.6486
550 0.6569
551 0.6541
552 0.657
553 0.6565
554 0.6552
555 0.6624
556 0.6597
557 0.6468
558 0.6394
559 0.6317
560 0.6238
561 0.6395
562 0.6459
563 0.6391
564 0.6428
565 0.645
566 0.64
567 0.6409
568 0.6528
569 0.6482
570 0.647
571 0.6411
572 0.6427
573 0.6683
574 0.6721
575 0.667
576 0.6577
577 0.661
578 0.6629
579 0.6544
580 0.66
581 0.6665
582 0.6703
583 0.6776
584 0.6789
585 0.6745
586 0.663
587 0.6622
588 0.6719
589 0.6468
590 0.6198
591 0.6503
592 0.6663
593 0.6683
594 0.6679
595 0.6707
596 0.6683
597 0.6735
598 0.6733
599 0.6678
600 0.6699
601 0.6664
602 0.6592
603 0.6626
604 0.6754
605 0.6786
606 0.6754
607 0.6735
608 0.6714
609 0.6657
610 0.6627
611 0.6636
612 0.6653
613 0.6628
614 0.6552
615 0.6553
616 0.6507
617 0.6391
618 0.6497
619 0.6601
620 0.6648
621 0.6714
622 0.6674
623 0.6639
624 0.6608
625 0.6554
626 0.6537
627 0.6672
628 0.6759
629 0.6769
630 0.6697
631 0.6672
632 0.6582
633 0.667
634 0.6639
635 0.6668
636 0.6671
637 0.6659
638 0.6757
639 0.6759
640 0.663
641 0.6584
642 0.6562
643 0.6637
644 0.6621
645 0.6636
646 0.6584
647 0.6598
648 0.6651
649 0.6638
650 0.6446
651 0.668
652 0.672
653 0.6628
654 0.6579
655 0.6481
656 0.6059
657 0.5572
658 0.6171
659 0.6474
660 0.6501
661 0.6562
662 0.6605
663 0.6587
664 0.6513
665 0.6536
666 0.6557
667 0.6525
668 0.6512
669 0.6558
670 0.6546
671 0.6526
672 0.65
673 0.6484
674 0.6476
675 0.6469
676 0.6462
677 0.6456
678 0.6451
679 0.6447
680 0.6443
681 0.644
682 0.6437
683 0.6436
684 0.6435
685 0.6435
686 0.6436
687 0.6437
688 0.6439
689 0.6453
690 0.6491
691 0.6505
692 0.6475
693 0.6456
694 0.647
695 0.6438
696 0.6435
697 0.6458
698 0.6374
699 0.6455
700 0.6476
701 0.6391
702 0.6353
703 0.6383
704 0.6417
705 0.6486
706 0.6447
707 0.6373
708 0.6383
709 0.6329
710 0.629
711 0.6318
712 0.6234
713 0.6214
714 0.623
715 0.622
716 0.62
717 0.623
718 0.6226
719 0.6148
720 0.6153
721 0.6167
722 0.6173
723 0.6168
724 0.6197
725 0.6184
726 0.6135
727 0.6155
728 0.6146
729 0.6035
730 0.6012
731 0.6126
732 0.6114
733 0.6113
734 0.6116
735 0.6121
736 0.6059
737 0.6044
738 0.6038
739 0.5905
740 0.5916
741 0.5886
742 0.5845
743 0.5936
744 0.6025
745 0.5966
746 0.6033
747 0.6012
748 0.6035
749 0.6003
750 0.5938
