# Top-of-atmosphere (TOA) lunar irradiance from Miller and Turner (2009)
# First column wavelength (nm), second column TOA irradiance# Lunar phase angle: 49
# Irradiance units: mW/m^2-micrometer

300 0.00721
301 0.005363
302 0.006755
303 0.006457
304 0.009136
305 0.008512
306 0.008693
307 0.008044
308 0.009358
309 0.009442
310 0.007212
311 0.009584
312 0.01137
313 0.009883
314 0.01073
315 0.009858
316 0.01015
317 0.009285
318 0.01293
319 0.009951
320 0.01097
321 0.01356
322 0.01076
323 0.01128
324 0.01052
325 0.01262
326 0.01414
327 0.01612
328 0.01566
329 0.01456
330 0.01791
331 0.01654
332 0.01638
333 0.0159
334 0.01524
335 0.01631
336 0.01663
337 0.01317
338 0.01446
339 0.01553
340 0.01618
341 0.01788
342 0.01568
343 0.01746
344 0.01756
345 0.01267
346 0.0173
347 0.01606
348 0.01594
349 0.01663
350 0.01499
351 0.01982
352 0.0177
353 0.01586
354 0.01915
355 0.02038
356 0.01912
357 0.0171
358 0.01554
359 0.0116
360 0.01986
361 0.01874
362 0.01662
363 0.01901
364 0.01796
365 0.01939
366 0.02226
367 0.02371
368 0.02288
369 0.02042
370 0.02404
371 0.02132
372 0.02467
373 0.02039
374 0.01761
375 0.01798
376 0.02162
377 0.02123
378 0.0256
379 0.02749
380 0.02103
381 0.02464
382 0.0224
383 0.01608
384 0.0134
385 0.01945
386 0.02047
387 0.02074
388 0.02027
389 0.01951
390 0.02495
391 0.02554
392 0.02976
393 0.02251
394 0.00981
395 0.02272
396 0.02941
397 0.01564
398 0.01759
399 0.03354
400 0.03609
401 0.03628
402 0.03949
403 0.04012
404 0.03931
405 0.03844
406 0.03738
407 0.03642
408 0.03695
409 0.03749
410 0.03782
411 0.03506
412 0.03651
413 0.03796
414 0.03942
415 0.03959
416 0.03971
417 0.04024
418 0.03946
419 0.03946
420 0.03951
421 0.0405
422 0.0413
423 0.03991
424 0.03944
425 0.04043
426 0.04016
427 0.04001
428 0.03855
429 0.03855
430 0.035
431 0.02924
432 0.03625
433 0.04009
434 0.03959
435 0.03879
436 0.04172
437 0.04409
438 0.04276
439 0.04113
440 0.04288
441 0.04478
442 0.04652
443 0.04797
444 0.04815
445 0.04822
446 0.04745
447 0.04718
448 0.04998
449 0.05064
450 0.0512
451 0.05354
452 0.05383
453 0.05135
454 0.05008
455 0.05242
456 0.05283
457 0.05431
458 0.05438
459 0.05309
460 0.05281
461 0.05369
462 0.05459
463 0.05516
464 0.0546
465 0.05344
466 0.05349
467 0.05312
468 0.05289
469 0.05389
470 0.05354
471 0.05282
472 0.05418
473 0.0559
474 0.05523
475 0.0565
476 0.05652
477 0.05581
478 0.05733
479 0.05737
480 0.05738
481 0.05716
482 0.05765
483 0.05718
484 0.0565
485 0.05589
486 0.0509
487 0.04813
488 0.05215
489 0.05384
490 0.0561
491 0.05697
492 0.05503
493 0.05496
494 0.05568
495 0.05708
496 0.05717
497 0.05702
498 0.05663
499 0.05576
500 0.05574
501 0.05491
502 0.05387
503 0.05508
504 0.05619
505 0.05602
506 0.05815
507 0.05912
508 0.05832
509 0.05752
510 0.05667
511 0.05611
512 0.05729
513 0.05674
514 0.05543
515 0.05479
516 0.05569
517 0.05191
518 0.04887
519 0.05078
520 0.05442
521 0.0555
522 0.05659
523 0.05551
524 0.05656
525 0.05835
526 0.05777
527 0.05296
528 0.05428
529 0.05784
530 0.05848
531 0.05939
532 0.05958
533 0.05899
534 0.05823
535 0.05849
536 0.06029
537 0.059
538 0.05907
539 0.05953
540 0.05826
541 0.05717
542 0.05849
543 0.05924
544 0.05981
545 0.06041
546 0.06063
547 0.06072
548 0.06008
549 0.06044
550 0.06124
551 0.061
552 0.06129
553 0.06127
554 0.06116
555 0.06186
556 0.06163
557 0.06044
558 0.05977
559 0.05907
560 0.05835
561 0.05984
562 0.06046
563 0.05984
564 0.06021
565 0.06044
566 0.05998
567 0.06009
568 0.06122
569 0.06081
570 0.06072
571 0.06019
572 0.06036
573 0.06278
574 0.06316
575 0.0627
576 0.06185
577 0.06218
578 0.06238
579 0.0616
580 0.06215
581 0.06278
582 0.06316
583 0.06387
584 0.06401
585 0.06362
586 0.06255
587 0.0625
588 0.06344
589 0.06108
590 0.05856
591 0.06146
592 0.06299
593 0.0632
594 0.06319
595 0.06347
596 0.06327
597 0.06378
598 0.06378
599 0.06328
600 0.0635
601 0.06319
602 0.06252
603 0.06288
604 0.06411
605 0.06443
606 0.06415
607 0.06399
608 0.06382
609 0.06329
610 0.06303
611 0.06314
612 0.06332
613 0.0631
614 0.06239
615 0.06243
616 0.06201
617 0.06093
618 0.06196
619 0.06296
620 0.06343
621 0.06409
622 0.06373
623 0.06341
624 0.06314
625 0.06265
626 0.0625
627 0.06381
628 0.06467
629 0.06479
630 0.06412
631 0.0639
632 0.06306
633 0.06392
634 0.06365
635 0.06394
636 0.064
637 0.0639
638 0.06487
639 0.06491
640 0.06369
641 0.06326
642 0.06308
643 0.06382
644 0.06369
645 0.06385
646 0.06338
647 0.06353
648 0.06406
649 0.06395
650 0.06213
651 0.0644
652 0.06481
653 0.06395
654 0.0635
655 0.06257
656 0.05851
657 0.05383
658 0.05963
659 0.06259
660 0.06287
661 0.06348
662 0.06391
663 0.06377
664 0.06307
665 0.06331
666 0.06354
667 0.06324
668 0.06314
669 0.06361
670 0.06352
671 0.06334
672 0.0631
673 0.06298
674 0.06292
675 0.06287
676 0.06282
677 0.06279
678 0.06276
679 0.06274
680 0.06272
681 0.06271
682 0.06271
683 0.06271
684 0.06273
685 0.06275
686 0.06278
687 0.06281
688 0.06285
689 0.06301
690 0.0634
691 0.06356
692 0.06329
693 0.06312
694 0.06328
695 0.06298
696 0.06298
697 0.06323
698 0.06242
699 0.06324
700 0.06346
701 0.06265
702 0.0623
703 0.06261
704 0.06297
705 0.06367
706 0.06331
707 0.0626
708 0.06272
709 0.06221
710 0.06185
711 0.06214
712 0.06134
713 0.06116
714 0.06134
715 0.06126
716 0.06109
717 0.0614
718 0.06138
719 0.06063
720 0.0607
721 0.06086
722 0.06094
723 0.06091
724 0.06122
725 0.06111
726 0.06065
727 0.06086
728 0.06079
729 0.05972
730 0.05951
731 0.06065
732 0.06056
733 0.06056
734 0.06062
735 0.06069
736 0.06009
737 0.05996
738 0.05993
739 0.05863
740 0.05876
741 0.05848
742 0.05809
743 0.05901
744 0.05992
745 0.05935
746 0.06003
747 0.05985
748 0.0601
749 0.0598
750 0.05917
