# Top-of-atmosphere (TOA) lunar irradiance from Miller and Turner (2009)
# First column wavelength (nm), second column TOA irradiance# Lunar phase angle: 60
# Irradiance units: mW/m^2-micrometer

300 0.0145
301 0.01079
302 0.01359
303 0.01298
304 0.01837
305 0.01711
306 0.01747
307 0.01617
308 0.01881
309 0.01897
310 0.01449
311 0.01925
312 0.02285
313 0.01985
314 0.02154
315 0.01979
316 0.02039
317 0.01864
318 0.02596
319 0.01997
320 0.02201
321 0.0272
322 0.02158
323 0.02263
324 0.02111
325 0.0253
326 0.02834
327 0.03232
328 0.03139
329 0.02919
330 0.03588
331 0.03314
332 0.03282
333 0.03186
334 0.03053
335 0.03266
336 0.03331
337 0.02637
338 0.02896
339 0.0311
340 0.03239
341 0.03579
342 0.03139
343 0.03493
344 0.03512
345 0.02535
346 0.0346
347 0.03212
348 0.03188
349 0.03324
350 0.02998
351 0.03963
352 0.03537
353 0.03169
354 0.03826
355 0.04072
356 0.03819
357 0.03415
358 0.03103
359 0.02317
360 0.03966
361 0.03742
362 0.03317
363 0.03794
364 0.03584
365 0.03869
366 0.04442
367 0.0473
368 0.04563
369 0.04072
370 0.04794
371 0.04251
372 0.04919
373 0.04065
374 0.03511
375 0.03583
376 0.04308
377 0.0423
378 0.05099
379 0.05476
380 0.04189
381 0.04906
382 0.04461
383 0.03201
384 0.02668
385 0.03871
386 0.04075
387 0.04128
388 0.04034
389 0.03881
390 0.04964
391 0.05081
392 0.05918
393 0.04477
394 0.01951
395 0.04517
396 0.05846
397 0.03108
398 0.03496
399 0.06665
400 0.07171
401 0.07207
402 0.07843
403 0.07969
404 0.07807
405 0.07632
406 0.07422
407 0.07231
408 0.07334
409 0.0744
410 0.07506
411 0.06956
412 0.07242
413 0.0753
414 0.07819
415 0.07852
416 0.07874
417 0.07978
418 0.07822
419 0.07821
420 0.07831
421 0.08026
422 0.08184
423 0.07906
424 0.07813
425 0.08007
426 0.07954
427 0.07924
428 0.07633
429 0.07632
430 0.06929
431 0.05788
432 0.07175
433 0.07933
434 0.07833
435 0.07674
436 0.08252
437 0.0872
438 0.08456
439 0.08133
440 0.08478
441 0.08853
442 0.09194
443 0.09481
444 0.09514
445 0.09528
446 0.09374
447 0.09319
448 0.09872
449 0.1
450 0.1011
451 0.1057
452 0.1063
453 0.1014
454 0.09884
455 0.1035
456 0.1042
457 0.1072
458 0.1073
459 0.1047
460 0.1042
461 0.1059
462 0.1076
463 0.1087
464 0.1076
465 0.1053
466 0.1054
467 0.1047
468 0.1042
469 0.1062
470 0.1055
471 0.104
472 0.1067
473 0.1101
474 0.1087
475 0.1112
476 0.1113
477 0.1098
478 0.1128
479 0.1129
480 0.1129
481 0.1124
482 0.1134
483 0.1125
484 0.1111
485 0.1099
486 0.1001
487 0.09461
488 0.1025
489 0.1058
490 0.1102
491 0.1119
492 0.1081
493 0.108
494 0.1094
495 0.1121
496 0.1122
497 0.1119
498 0.1112
499 0.1094
500 0.1094
501 0.1077
502 0.1057
503 0.1081
504 0.1102
505 0.1099
506 0.114
507 0.1159
508 0.1143
509 0.1128
510 0.1111
511 0.11
512 0.1123
513 0.1112
514 0.1086
515 0.1073
516 0.1091
517 0.1017
518 0.0957
519 0.09943
520 0.1065
521 0.1086
522 0.1107
523 0.1086
524 0.1107
525 0.1142
526 0.113
527 0.1036
528 0.1062
529 0.1131
530 0.1143
531 0.1161
532 0.1165
533 0.1153
534 0.1138
535 0.1143
536 0.1178
537 0.1152
538 0.1154
539 0.1163
540 0.1138
541 0.1116
542 0.1142
543 0.1156
544 0.1167
545 0.1179
546 0.1183
547 0.1185
548 0.1172
549 0.1179
550 0.1194
551 0.119
552 0.1195
553 0.1195
554 0.1192
555 0.1206
556 0.1201
557 0.1178
558 0.1165
559 0.1151
560 0.1137
561 0.1166
562 0.1177
563 0.1165
564 0.1172
565 0.1177
566 0.1168
567 0.1169
568 0.1191
569 0.1183
570 0.1181
571 0.1171
572 0.1174
573 0.1221
574 0.1228
575 0.1219
576 0.1202
577 0.1209
578 0.1212
579 0.1197
580 0.1208
581 0.122
582 0.1227
583 0.1241
584 0.1243
585 0.1235
586 0.1215
587 0.1214
588 0.1232
589 0.1186
590 0.1136
591 0.1193
592 0.1222
593 0.1226
594 0.1226
595 0.1231
596 0.1227
597 0.1237
598 0.1237
599 0.1227
600 0.1231
601 0.1225
602 0.1212
603 0.1218
604 0.1242
605 0.1248
606 0.1243
607 0.1239
608 0.1236
609 0.1226
610 0.122
611 0.1222
612 0.1226
613 0.1221
614 0.1207
615 0.1208
616 0.12
617 0.1179
618 0.1198
619 0.1218
620 0.1227
621 0.1239
622 0.1232
623 0.1226
624 0.122
625 0.1211
626 0.1208
627 0.1233
628 0.1249
629 0.1251
630 0.1238
631 0.1234
632 0.1218
633 0.1234
634 0.1229
635 0.1234
636 0.1235
637 0.1233
638 0.1251
639 0.1252
640 0.1228
641 0.122
642 0.1216
643 0.1231
644 0.1228
645 0.1231
646 0.1222
647 0.1224
648 0.1234
649 0.1232
650 0.1197
651 0.1241
652 0.1248
653 0.1231
654 0.1223
655 0.1205
656 0.1126
657 0.1036
658 0.1148
659 0.1204
660 0.121
661 0.1221
662 0.1229
663 0.1226
664 0.1213
665 0.1217
666 0.1222
667 0.1216
668 0.1214
669 0.1223
670 0.1221
671 0.1217
672 0.1212
673 0.121
674 0.1209
675 0.1207
676 0.1206
677 0.1206
678 0.1205
679 0.1204
680 0.1204
681 0.1203
682 0.1203
683 0.1203
684 0.1203
685 0.1204
686 0.1204
687 0.1204
688 0.1205
689 0.1208
690 0.1215
691 0.1218
692 0.1213
693 0.121
694 0.1212
695 0.1207
696 0.1206
697 0.1211
698 0.1195
699 0.1211
700 0.1215
701 0.1199
702 0.1192
703 0.1198
704 0.1205
705 0.1218
706 0.1211
707 0.1197
708 0.12
709 0.119
710 0.1183
711 0.1188
712 0.1173
713 0.1169
714 0.1172
715 0.1171
716 0.1167
717 0.1173
718 0.1172
719 0.1158
720 0.1159
721 0.1162
722 0.1164
723 0.1163
724 0.1169
725 0.1166
726 0.1157
727 0.1161
728 0.116
729 0.1139
730 0.1135
731 0.1157
732 0.1155
733 0.1155
734 0.1156
735 0.1157
736 0.1145
737 0.1143
738 0.1142
739 0.1117
740 0.1119
741 0.1114
742 0.1106
743 0.1124
744 0.1141
745 0.113
746 0.1143
747 0.1139
748 0.1144
749 0.1138
750 0.1126
