# Top-of-atmosphere (TOA) lunar irradiance from Miller and Turner (2009) by 10 nm increments
# First column wavelength (nm), second column TOA irradiance# Phase angle = 23
# Units = mW/m^2-micrometer

300 0.001133
310 0.001135
320 0.00173
330 0.002828
340 0.00256
350 0.002376
360 0.003153
370 0.003822
380 0.00335
390 0.003981
400 0.005769
410 0.006056
420 0.006337
430 0.005623
440 0.006901
450 0.008253
460 0.008528
470 0.008661
480 0.009298
490 0.009105
500 0.009062
510 0.00923
520 0.008878
530 0.009557
540 0.009536
550 0.01004
560 0.009583
570 0.009991
580 0.01024
590 0.009668
600 0.0105
610 0.01044
620 0.01053
630 0.01066
640 0.0106
650 0.01036
660 0.0105
670 0.01063
680 0.01051
690 0.01065
700 0.01068
710 0.01042
720 0.01025
730 0.01006
740 0.009952
750 0.01004
