# Top-of-atmosphere (TOA) lunar irradiance from Miller and Turner (2009)
# First column wavelength (nm), second column TOA irradiance# Lunar phase angle: 16
# Irradiance units: mW/m^2-micrometer

300 0.0006761
301 0.000503
302 0.0006336
303 0.0006057
304 0.0008572
305 0.0007987
306 0.0008158
307 0.000755
308 0.0008784
309 0.0008864
310 0.0006772
311 0.0009001
312 0.001068
313 0.0009283
314 0.001008
315 0.0009263
316 0.0009542
317 0.0008726
318 0.001216
319 0.0009355
320 0.001032
321 0.001275
322 0.001012
323 0.001061
324 0.00099
325 0.001187
326 0.00133
327 0.001517
328 0.001474
329 0.001371
330 0.001686
331 0.001557
332 0.001543
333 0.001498
334 0.001436
335 0.001537
336 0.001567
337 0.001241
338 0.001363
339 0.001464
340 0.001526
341 0.001686
342 0.001479
343 0.001647
344 0.001656
345 0.001195
346 0.001632
347 0.001516
348 0.001505
349 0.00157
350 0.001416
351 0.001872
352 0.001671
353 0.001498
354 0.001809
355 0.001926
356 0.001806
357 0.001616
358 0.001468
359 0.001097
360 0.001878
361 0.001772
362 0.001572
363 0.001798
364 0.001699
365 0.001834
366 0.002107
367 0.002244
368 0.002165
369 0.001933
370 0.002276
371 0.002019
372 0.002337
373 0.001931
374 0.001668
375 0.001703
376 0.002048
377 0.002012
378 0.002426
379 0.002606
380 0.001994
381 0.002336
382 0.002124
383 0.001525
384 0.001271
385 0.001845
386 0.001942
387 0.001968
388 0.001924
389 0.001851
390 0.002369
391 0.002425
392 0.002825
393 0.002138
394 0.0009318
395 0.002158
396 0.002794
397 0.001486
398 0.001672
399 0.003188
400 0.003431
401 0.003449
402 0.003755
403 0.003816
404 0.003739
405 0.003656
406 0.003556
407 0.003466
408 0.003516
409 0.003568
410 0.0036
411 0.003338
412 0.003476
413 0.003615
414 0.003755
415 0.003772
416 0.003783
417 0.003834
418 0.00376
419 0.003761
420 0.003766
421 0.003861
422 0.003938
423 0.003805
424 0.003762
425 0.003856
426 0.003831
427 0.003818
428 0.003679
429 0.003679
430 0.003341
431 0.002792
432 0.003461
433 0.003828
434 0.003781
435 0.003705
436 0.003985
437 0.004212
438 0.004086
439 0.003931
440 0.004099
441 0.004281
442 0.004447
443 0.004587
444 0.004604
445 0.004612
446 0.004539
447 0.004514
448 0.004783
449 0.004846
450 0.0049
451 0.005125
452 0.005154
453 0.004917
454 0.004796
455 0.005021
456 0.00506
457 0.005203
458 0.005211
459 0.005088
460 0.005062
461 0.005146
462 0.005233
463 0.005289
464 0.005236
465 0.005125
466 0.005131
467 0.005096
468 0.005075
469 0.005171
470 0.005139
471 0.00507
472 0.005201
473 0.005367
474 0.005304
475 0.005426
476 0.005429
477 0.005361
478 0.005508
479 0.005512
480 0.005515
481 0.005494
482 0.005542
483 0.005498
484 0.005433
485 0.005375
486 0.004896
487 0.00463
488 0.005018
489 0.005181
490 0.005399
491 0.005483
492 0.005297
493 0.005292
494 0.005362
495 0.005497
496 0.005506
497 0.005493
498 0.005456
499 0.005373
500 0.005371
501 0.005292
502 0.005193
503 0.00531
504 0.005418
505 0.005403
506 0.005609
507 0.005703
508 0.005627
509 0.00555
510 0.005469
511 0.005416
512 0.00553
513 0.005478
514 0.005352
515 0.005291
516 0.005379
517 0.005014
518 0.004722
519 0.004907
520 0.005259
521 0.005363
522 0.00547
523 0.005367
524 0.005469
525 0.005642
526 0.005587
527 0.005122
528 0.005251
529 0.005596
530 0.005659
531 0.005748
532 0.005767
533 0.00571
534 0.005638
535 0.005663
536 0.005839
537 0.005714
538 0.005722
539 0.005767
540 0.005645
541 0.00554
542 0.005669
543 0.005742
544 0.005799
545 0.005858
546 0.00588
547 0.005889
548 0.005828
549 0.005864
550 0.005942
551 0.00592
552 0.005949
553 0.005947
554 0.005938
555 0.006006
556 0.005985
557 0.00587
558 0.005806
559 0.005739
560 0.005669
561 0.005815
562 0.005876
563 0.005817
564 0.005853
565 0.005876
566 0.005833
567 0.005844
568 0.005955
569 0.005916
570 0.005908
571 0.005857
572 0.005875
573 0.006111
574 0.006149
575 0.006104
576 0.006023
577 0.006056
578 0.006076
579 0.006001
580 0.006055
581 0.006118
582 0.006155
583 0.006225
584 0.00624
585 0.006202
586 0.006099
587 0.006096
588 0.006188
589 0.005959
590 0.005713
591 0.005997
592 0.006147
593 0.006169
594 0.006168
595 0.006197
596 0.006177
597 0.006228
598 0.00623
599 0.006181
600 0.006204
601 0.006174
602 0.00611
603 0.006145
604 0.006267
605 0.006299
606 0.006272
607 0.006258
608 0.006241
609 0.006191
610 0.006166
611 0.006177
612 0.006196
613 0.006176
614 0.006107
615 0.006111
616 0.006071
617 0.005966
618 0.006068
619 0.006167
620 0.006214
621 0.006279
622 0.006245
623 0.006215
624 0.006189
625 0.006141
626 0.006128
627 0.006257
628 0.006343
629 0.006354
630 0.00629
631 0.006269
632 0.006188
633 0.006273
634 0.006247
635 0.006277
636 0.006283
637 0.006275
638 0.00637
639 0.006375
640 0.006256
641 0.006215
642 0.006198
643 0.006272
644 0.00626
645 0.006277
646 0.006231
647 0.006247
648 0.0063
649 0.00629
650 0.006111
651 0.006336
652 0.006377
653 0.006293
654 0.006249
655 0.006159
656 0.00576
657 0.0053
658 0.005872
659 0.006164
660 0.006193
661 0.006254
662 0.006297
663 0.006284
664 0.006216
665 0.00624
666 0.006264
667 0.006235
668 0.006226
669 0.006274
670 0.006265
671 0.006249
672 0.006226
673 0.006214
674 0.006209
675 0.006205
676 0.006202
677 0.006199
678 0.006197
679 0.006196
680 0.006195
681 0.006195
682 0.006195
683 0.006197
684 0.006199
685 0.006202
686 0.006206
687 0.00621
688 0.006215
689 0.006231
690 0.00627
691 0.006287
692 0.006261
693 0.006246
694 0.006262
695 0.006234
696 0.006234
697 0.006259
698 0.006181
699 0.006262
700 0.006285
701 0.006206
702 0.006172
703 0.006204
704 0.00624
705 0.00631
706 0.006275
707 0.006206
708 0.006219
709 0.006169
710 0.006134
711 0.006164
712 0.006085
713 0.006068
714 0.006087
715 0.00608
716 0.006063
717 0.006095
718 0.006094
719 0.00602
720 0.006028
721 0.006045
722 0.006054
723 0.006052
724 0.006083
725 0.006073
726 0.006028
727 0.00605
728 0.006044
729 0.005938
730 0.005918
731 0.006033
732 0.006024
733 0.006026
734 0.006032
735 0.006039
736 0.005981
737 0.005969
738 0.005966
739 0.005837
740 0.005851
741 0.005824
742 0.005786
743 0.005879
744 0.00597
745 0.005915
746 0.005983
747 0.005965
748 0.005991
749 0.005962
750 0.0059
