# Top-of-atmosphere (TOA) lunar irradiance from Miller and Turner (2009)
# First column wavelength (nm), second column TOA irradiance# Lunar phase angle: 84
# Irradiance units: mW/m^2-micrometer

300 0.0454
301 0.03376
302 0.04251
303 0.04063
304 0.05747
305 0.05352
306 0.05464
307 0.05055
308 0.05879
309 0.0593
310 0.04528
311 0.06016
312 0.07138
313 0.062
314 0.06727
315 0.06181
316 0.06365
317 0.05818
318 0.08102
319 0.06232
320 0.06869
321 0.08486
322 0.06733
323 0.07056
324 0.06581
325 0.07888
326 0.08835
327 0.1007
328 0.09781
329 0.09094
330 0.1118
331 0.1032
332 0.1022
333 0.0992
334 0.09505
335 0.1017
336 0.1037
337 0.08206
338 0.0901
339 0.09673
340 0.1007
341 0.1113
342 0.09759
343 0.1086
344 0.1092
345 0.07877
346 0.1075
347 0.09979
348 0.09901
349 0.1032
350 0.09309
351 0.123
352 0.1098
353 0.09836
354 0.1187
355 0.1263
356 0.1185
357 0.1059
358 0.09623
359 0.07185
360 0.123
361 0.116
362 0.1028
363 0.1176
364 0.111
365 0.1198
366 0.1376
367 0.1465
368 0.1413
369 0.1261
370 0.1484
371 0.1316
372 0.1522
373 0.1258
374 0.1086
375 0.1108
376 0.1332
377 0.1308
378 0.1576
379 0.1693
380 0.1294
381 0.1516
382 0.1378
383 0.09887
384 0.0824
385 0.1195
386 0.1258
387 0.1274
388 0.1245
389 0.1197
390 0.1531
391 0.1567
392 0.1825
393 0.138
394 0.06014
395 0.1393
396 0.1802
397 0.09579
398 0.1077
399 0.2053
400 0.2209
401 0.2219
402 0.2415
403 0.2453
404 0.2403
405 0.2349
406 0.2284
407 0.2225
408 0.2256
409 0.2288
410 0.2308
411 0.2139
412 0.2226
413 0.2314
414 0.2403
415 0.2413
416 0.2419
417 0.2451
418 0.2402
419 0.2402
420 0.2404
421 0.2464
422 0.2512
423 0.2426
424 0.2397
425 0.2456
426 0.244
427 0.243
428 0.234
429 0.234
430 0.2124
431 0.1774
432 0.2199
433 0.243
434 0.24
435 0.235
436 0.2527
437 0.267
438 0.2589
439 0.2489
440 0.2595
441 0.2709
442 0.2813
443 0.29
444 0.291
445 0.2913
446 0.2866
447 0.2849
448 0.3017
449 0.3056
450 0.3089
451 0.3229
452 0.3246
453 0.3095
454 0.3018
455 0.3158
456 0.3182
457 0.327
458 0.3274
459 0.3195
460 0.3177
461 0.3229
462 0.3282
463 0.3316
464 0.3281
465 0.321
466 0.3213
467 0.3189
468 0.3175
469 0.3234
470 0.3212
471 0.3168
472 0.3248
473 0.3351
474 0.331
475 0.3384
476 0.3385
477 0.3341
478 0.3431
479 0.3432
480 0.3433
481 0.3418
482 0.3447
483 0.3418
484 0.3376
485 0.3338
486 0.304
487 0.2873
488 0.3113
489 0.3212
490 0.3346
491 0.3397
492 0.3281
493 0.3276
494 0.3318
495 0.34
496 0.3404
497 0.3394
498 0.337
499 0.3318
500 0.3315
501 0.3265
502 0.3202
503 0.3273
504 0.3338
505 0.3327
506 0.3453
507 0.3509
508 0.3461
509 0.3412
510 0.3361
511 0.3327
512 0.3396
513 0.3362
514 0.3284
515 0.3245
516 0.3297
517 0.3073
518 0.2892
519 0.3004
520 0.3219
521 0.3281
522 0.3344
523 0.328
524 0.3341
525 0.3446
526 0.3411
527 0.3126
528 0.3203
529 0.3412
530 0.3449
531 0.3501
532 0.3512
533 0.3476
534 0.343
535 0.3444
536 0.3549
537 0.3472
538 0.3475
539 0.3501
540 0.3426
541 0.3361
542 0.3437
543 0.348
544 0.3513
545 0.3547
546 0.3559
547 0.3563
548 0.3525
549 0.3545
550 0.3591
551 0.3576
552 0.3592
553 0.3589
554 0.3582
555 0.3622
556 0.3607
557 0.3537
558 0.3497
559 0.3455
560 0.3411
561 0.3498
562 0.3533
563 0.3496
564 0.3516
565 0.3529
566 0.3501
567 0.3506
568 0.3571
569 0.3546
570 0.354
571 0.3508
572 0.3517
573 0.3657
574 0.3678
575 0.365
576 0.36
577 0.3618
578 0.3628
579 0.3582
580 0.3613
581 0.3649
582 0.367
583 0.371
584 0.3717
585 0.3693
586 0.363
587 0.3626
588 0.368
589 0.3542
590 0.3395
591 0.3562
592 0.3649
593 0.3661
594 0.3659
595 0.3674
596 0.3661
597 0.369
598 0.3689
599 0.3659
600 0.3671
601 0.3652
602 0.3612
603 0.3631
604 0.3702
605 0.3719
606 0.3702
607 0.3692
608 0.368
609 0.3649
610 0.3633
611 0.3638
612 0.3648
613 0.3634
614 0.3592
615 0.3593
616 0.3568
617 0.3505
618 0.3563
619 0.362
620 0.3646
621 0.3683
622 0.3661
623 0.3642
624 0.3625
625 0.3596
626 0.3586
627 0.366
628 0.3709
629 0.3714
630 0.3675
631 0.3661
632 0.3612
633 0.366
634 0.3644
635 0.3659
636 0.3662
637 0.3655
638 0.3709
639 0.3711
640 0.364
641 0.3614
642 0.3603
643 0.3644
644 0.3635
645 0.3644
646 0.3616
647 0.3624
648 0.3653
649 0.3645
650 0.354
651 0.3669
652 0.3691
653 0.3641
654 0.3614
655 0.356
656 0.3329
657 0.3061
658 0.3391
659 0.3557
660 0.3573
661 0.3606
662 0.363
663 0.362
664 0.358
665 0.3592
666 0.3604
667 0.3587
668 0.358
669 0.3605
670 0.3599
671 0.3588
672 0.3574
673 0.3565
674 0.3561
675 0.3557
676 0.3554
677 0.3551
678 0.3548
679 0.3546
680 0.3544
681 0.3542
682 0.3541
683 0.354
684 0.354
685 0.354
686 0.3541
687 0.3542
688 0.3543
689 0.3551
690 0.3572
691 0.358
692 0.3564
693 0.3553
694 0.3561
695 0.3543
696 0.3542
697 0.3555
698 0.3509
699 0.3554
700 0.3565
701 0.3519
702 0.3498
703 0.3514
704 0.3533
705 0.3572
706 0.3551
707 0.351
708 0.3515
709 0.3486
710 0.3465
711 0.348
712 0.3434
713 0.3423
714 0.3432
715 0.3427
716 0.3416
717 0.3433
718 0.343
719 0.3388
720 0.3391
721 0.3399
722 0.3402
723 0.34
724 0.3416
725 0.3409
726 0.3382
727 0.3393
728 0.3388
729 0.3327
730 0.3315
731 0.3377
732 0.3371
733 0.3371
734 0.3373
735 0.3375
736 0.3341
737 0.3333
738 0.333
739 0.3257
740 0.3263
741 0.3247
742 0.3224
743 0.3275
744 0.3324
745 0.3292
746 0.3329
747 0.3317
748 0.333
749 0.3313
750 0.3277
