# Top-of-atmosphere (TOA) lunar irradiance from Miller and Turner (2009)
# First column wavelength (nm), second column TOA irradiance# Lunar phase angle: 67
# Irradiance units: mW/m^2-micrometer

300 0.0211
301 0.01569
302 0.01976
303 0.01888
304 0.02671
305 0.02488
306 0.02541
307 0.02351
308 0.02734
309 0.02758
310 0.02106
311 0.02799
312 0.03321
313 0.02885
314 0.0313
315 0.02877
316 0.02962
317 0.02708
318 0.03772
319 0.02901
320 0.03198
321 0.03952
322 0.03135
323 0.03287
324 0.03066
325 0.03674
326 0.04116
327 0.04694
328 0.04558
329 0.04238
330 0.0521
331 0.04811
332 0.04765
333 0.04625
334 0.04432
335 0.04741
336 0.04834
337 0.03827
338 0.04203
339 0.04512
340 0.047
341 0.05192
342 0.04554
343 0.05068
344 0.05095
345 0.03677
346 0.05019
347 0.04659
348 0.04623
349 0.04821
350 0.04347
351 0.05746
352 0.05129
353 0.04595
354 0.05547
355 0.05903
356 0.05536
357 0.04951
358 0.04498
359 0.03359
360 0.05748
361 0.05423
362 0.04807
363 0.05498
364 0.05193
365 0.05605
366 0.06435
367 0.06852
368 0.0661
369 0.05899
370 0.06943
371 0.06157
372 0.07124
373 0.05887
374 0.05084
375 0.05189
376 0.06238
377 0.06124
378 0.07382
379 0.07928
380 0.06063
381 0.07101
382 0.06457
383 0.04632
384 0.03861
385 0.05602
386 0.05896
387 0.05973
388 0.05836
389 0.05614
390 0.07181
391 0.0735
392 0.0856
393 0.06475
394 0.02821
395 0.06533
396 0.08453
397 0.04495
398 0.05055
399 0.09636
400 0.1037
401 0.1042
402 0.1134
403 0.1152
404 0.1128
405 0.1103
406 0.1073
407 0.1045
408 0.106
409 0.1075
410 0.1084
411 0.1005
412 0.1046
413 0.1088
414 0.1129
415 0.1134
416 0.1137
417 0.1152
418 0.113
419 0.1129
420 0.1131
421 0.1159
422 0.1182
423 0.1141
424 0.1128
425 0.1156
426 0.1148
427 0.1144
428 0.1102
429 0.1101
430 0.09999
431 0.08351
432 0.1035
433 0.1144
434 0.113
435 0.1107
436 0.119
437 0.1258
438 0.122
439 0.1173
440 0.1223
441 0.1277
442 0.1326
443 0.1367
444 0.1372
445 0.1374
446 0.1351
447 0.1343
448 0.1423
449 0.1441
450 0.1457
451 0.1523
452 0.1531
453 0.146
454 0.1424
455 0.1491
456 0.1502
457 0.1544
458 0.1545
459 0.1508
460 0.15
461 0.1525
462 0.155
463 0.1566
464 0.155
465 0.1517
466 0.1518
467 0.1507
468 0.15
469 0.1528
470 0.1518
471 0.1497
472 0.1536
473 0.1584
474 0.1565
475 0.16
476 0.1601
477 0.158
478 0.1623
479 0.1624
480 0.1624
481 0.1617
482 0.1631
483 0.1617
484 0.1598
485 0.158
486 0.1439
487 0.136
488 0.1474
489 0.1521
490 0.1585
491 0.1609
492 0.1554
493 0.1552
494 0.1572
495 0.1611
496 0.1613
497 0.1609
498 0.1597
499 0.1573
500 0.1572
501 0.1548
502 0.1518
503 0.1552
504 0.1583
505 0.1578
506 0.1638
507 0.1665
508 0.1642
509 0.1619
510 0.1595
511 0.1579
512 0.1612
513 0.1596
514 0.1559
515 0.1541
516 0.1566
517 0.1459
518 0.1373
519 0.1427
520 0.1529
521 0.1559
522 0.1589
523 0.1559
524 0.1588
525 0.1638
526 0.1621
527 0.1486
528 0.1523
529 0.1622
530 0.164
531 0.1665
532 0.167
533 0.1653
534 0.1632
535 0.1638
536 0.1689
537 0.1652
538 0.1654
539 0.1666
540 0.163
541 0.16
542 0.1636
543 0.1657
544 0.1673
545 0.1689
546 0.1695
547 0.1697
548 0.1679
549 0.1689
550 0.1711
551 0.1704
552 0.1712
553 0.1711
554 0.1707
555 0.1727
556 0.172
557 0.1686
558 0.1667
559 0.1647
560 0.1627
561 0.1668
562 0.1685
563 0.1668
564 0.1678
565 0.1684
566 0.1671
567 0.1673
568 0.1705
569 0.1693
570 0.169
571 0.1675
572 0.1679
573 0.1746
574 0.1757
575 0.1743
576 0.172
577 0.1728
578 0.1733
579 0.1712
580 0.1727
581 0.1744
582 0.1754
583 0.1773
584 0.1777
585 0.1766
586 0.1736
587 0.1734
588 0.176
589 0.1694
590 0.1624
591 0.1704
592 0.1746
593 0.1752
594 0.1751
595 0.1758
596 0.1752
597 0.1766
598 0.1766
599 0.1752
600 0.1758
601 0.1749
602 0.173
603 0.1739
604 0.1773
605 0.1782
606 0.1774
607 0.1769
608 0.1764
609 0.1749
610 0.1741
611 0.1744
612 0.1749
613 0.1742
614 0.1722
615 0.1723
616 0.1711
617 0.1681
618 0.1709
619 0.1737
620 0.1749
621 0.1767
622 0.1757
623 0.1748
624 0.174
625 0.1726
626 0.1722
627 0.1757
628 0.1781
629 0.1784
630 0.1765
631 0.1759
632 0.1735
633 0.1759
634 0.1751
635 0.1758
636 0.176
637 0.1757
638 0.1783
639 0.1784
640 0.175
641 0.1738
642 0.1732
643 0.1752
644 0.1748
645 0.1753
646 0.1739
647 0.1743
648 0.1757
649 0.1754
650 0.1704
651 0.1766
652 0.1777
653 0.1753
654 0.174
655 0.1714
656 0.1603
657 0.1474
658 0.1633
659 0.1713
660 0.1721
661 0.1737
662 0.1749
663 0.1744
664 0.1725
665 0.1731
666 0.1737
667 0.1729
668 0.1726
669 0.1738
670 0.1735
671 0.173
672 0.1723
673 0.172
674 0.1718
675 0.1716
676 0.1715
677 0.1713
678 0.1712
679 0.1711
680 0.171
681 0.171
682 0.1709
683 0.1709
684 0.1709
685 0.171
686 0.171
687 0.1711
688 0.1711
689 0.1715
690 0.1726
691 0.173
692 0.1722
693 0.1717
694 0.1721
695 0.1713
696 0.1712
697 0.1719
698 0.1697
699 0.1718
700 0.1724
701 0.1702
702 0.1692
703 0.17
704 0.171
705 0.1728
706 0.1718
707 0.1699
708 0.1702
709 0.1687
710 0.1677
711 0.1685
712 0.1663
713 0.1658
714 0.1662
715 0.166
716 0.1655
717 0.1663
718 0.1662
719 0.1641
720 0.1643
721 0.1647
722 0.1649
723 0.1648
724 0.1656
725 0.1653
726 0.164
727 0.1645
728 0.1643
729 0.1614
730 0.1608
731 0.1638
732 0.1636
733 0.1635
734 0.1637
735 0.1638
736 0.1622
737 0.1618
738 0.1617
739 0.1581
740 0.1585
741 0.1577
742 0.1566
743 0.159
744 0.1615
745 0.1599
746 0.1617
747 0.1612
748 0.1618
749 0.161
750 0.1593
