# Top-of-atmosphere (TOA) lunar irradiance from Miller and Turner (2009)
# First column wavelength (nm), second column TOA irradiance# Lunar phase angle: 25
# Irradiance units: mW/m^2-micrometer

300 0.001317
301 0.0009797
302 0.001234
303 0.00118
304 0.00167
305 0.001556
306 0.001589
307 0.001471
308 0.001711
309 0.001727
310 0.001319
311 0.001754
312 0.002082
313 0.001809
314 0.001963
315 0.001805
316 0.00186
317 0.001701
318 0.002369
319 0.001823
320 0.00201
321 0.002485
322 0.001972
323 0.002068
324 0.00193
325 0.002314
326 0.002593
327 0.002958
328 0.002873
329 0.002673
330 0.003287
331 0.003036
332 0.003008
333 0.00292
334 0.0028
335 0.002996
336 0.003056
337 0.00242
338 0.002659
339 0.002856
340 0.002975
341 0.003288
342 0.002885
343 0.003211
344 0.00323
345 0.002332
346 0.003184
347 0.002957
348 0.002935
349 0.003062
350 0.002762
351 0.003652
352 0.003261
353 0.002922
354 0.003529
355 0.003757
356 0.003525
357 0.003153
358 0.002865
359 0.00214
360 0.003664
361 0.003458
362 0.003067
363 0.003509
364 0.003315
365 0.00358
366 0.004111
367 0.004379
368 0.004226
369 0.003773
370 0.004442
371 0.003941
372 0.004561
373 0.00377
374 0.003257
375 0.003325
376 0.003999
377 0.003927
378 0.004736
379 0.005088
380 0.003893
381 0.004561
382 0.004148
383 0.002977
384 0.002483
385 0.003603
386 0.003793
387 0.003844
388 0.003757
389 0.003616
390 0.004626
391 0.004737
392 0.005519
393 0.004176
394 0.00182
395 0.004216
396 0.005458
397 0.002903
398 0.003266
399 0.006228
400 0.006703
401 0.006739
402 0.007336
403 0.007455
404 0.007306
405 0.007145
406 0.006949
407 0.006773
408 0.006872
409 0.006972
410 0.007036
411 0.006523
412 0.006793
413 0.007065
414 0.007339
415 0.007372
416 0.007395
417 0.007494
418 0.00735
419 0.007351
420 0.007363
421 0.007548
422 0.007699
423 0.00744
424 0.007355
425 0.007539
426 0.007491
427 0.007465
428 0.007193
429 0.007194
430 0.006534
431 0.005459
432 0.006769
433 0.007486
434 0.007395
435 0.007246
436 0.007795
437 0.008239
438 0.007992
439 0.007689
440 0.008017
441 0.008374
442 0.0087
443 0.008974
444 0.009008
445 0.009023
446 0.00888
447 0.008831
448 0.009358
449 0.009483
450 0.009588
451 0.01003
452 0.01008
453 0.009621
454 0.009385
455 0.009826
456 0.009903
457 0.01018
458 0.0102
459 0.009958
460 0.009907
461 0.01007
462 0.01024
463 0.01035
464 0.01025
465 0.01003
466 0.01004
467 0.009977
468 0.009935
469 0.01012
470 0.01006
471 0.009926
472 0.01018
473 0.01051
474 0.01039
475 0.01063
476 0.01063
477 0.0105
478 0.01079
479 0.0108
480 0.0108
481 0.01076
482 0.01085
483 0.01077
484 0.01064
485 0.01053
486 0.009591
487 0.00907
488 0.00983
489 0.01015
490 0.01058
491 0.01074
492 0.01038
493 0.01037
494 0.01051
495 0.01077
496 0.01079
497 0.01076
498 0.01069
499 0.01053
500 0.01053
501 0.01037
502 0.01018
503 0.01041
504 0.01062
505 0.01059
506 0.01099
507 0.01118
508 0.01103
509 0.01088
510 0.01072
511 0.01062
512 0.01084
513 0.01074
514 0.01049
515 0.01037
516 0.01055
517 0.009832
518 0.009258
519 0.009621
520 0.01031
521 0.01052
522 0.01073
523 0.01052
524 0.01072
525 0.01106
526 0.01096
527 0.01005
528 0.0103
529 0.01098
530 0.0111
531 0.01127
532 0.01131
533 0.0112
534 0.01106
535 0.01111
536 0.01145
537 0.01121
538 0.01123
539 0.01132
540 0.01108
541 0.01087
542 0.01112
543 0.01127
544 0.01138
545 0.01149
546 0.01154
547 0.01156
548 0.01144
549 0.01151
550 0.01166
551 0.01162
552 0.01168
553 0.01167
554 0.01166
555 0.01179
556 0.01175
557 0.01152
558 0.0114
559 0.01127
560 0.01113
561 0.01142
562 0.01154
563 0.01142
564 0.01149
565 0.01154
566 0.01145
567 0.01147
568 0.01169
569 0.01162
570 0.0116
571 0.0115
572 0.01154
573 0.012
574 0.01208
575 0.01199
576 0.01183
577 0.0119
578 0.01193
579 0.01179
580 0.01189
581 0.01202
582 0.01209
583 0.01223
584 0.01226
585 0.01219
586 0.01198
587 0.01198
588 0.01216
589 0.01171
590 0.01123
591 0.01178
592 0.01208
593 0.01212
594 0.01212
595 0.01218
596 0.01214
597 0.01224
598 0.01224
599 0.01215
600 0.01219
601 0.01214
602 0.01201
603 0.01208
604 0.01232
605 0.01238
606 0.01233
607 0.0123
608 0.01227
609 0.01217
610 0.01212
611 0.01215
612 0.01218
613 0.01214
614 0.01201
615 0.01202
616 0.01194
617 0.01173
618 0.01193
619 0.01213
620 0.01222
621 0.01235
622 0.01228
623 0.01222
624 0.01217
625 0.01208
626 0.01205
627 0.01231
628 0.01248
629 0.0125
630 0.01238
631 0.01233
632 0.01218
633 0.01234
634 0.01229
635 0.01235
636 0.01236
637 0.01235
638 0.01254
639 0.01255
640 0.01231
641 0.01223
642 0.0122
643 0.01234
644 0.01232
645 0.01235
646 0.01226
647 0.0123
648 0.0124
649 0.01238
650 0.01203
651 0.01247
652 0.01255
653 0.01239
654 0.0123
655 0.01213
656 0.01134
657 0.01044
658 0.01156
659 0.01214
660 0.01219
661 0.01231
662 0.0124
663 0.01237
664 0.01224
665 0.01229
666 0.01234
667 0.01228
668 0.01226
669 0.01236
670 0.01234
671 0.01231
672 0.01226
673 0.01224
674 0.01223
675 0.01223
676 0.01222
677 0.01221
678 0.01221
679 0.01221
680 0.01221
681 0.01221
682 0.01221
683 0.01221
684 0.01222
685 0.01222
686 0.01223
687 0.01224
688 0.01225
689 0.01228
690 0.01236
691 0.01239
692 0.01234
693 0.01231
694 0.01234
695 0.01229
696 0.01229
697 0.01234
698 0.01219
699 0.01235
700 0.01239
701 0.01224
702 0.01217
703 0.01223
704 0.0123
705 0.01244
706 0.01237
707 0.01224
708 0.01226
709 0.01217
710 0.0121
711 0.01216
712 0.012
713 0.01197
714 0.01201
715 0.01199
716 0.01196
717 0.01202
718 0.01202
719 0.01188
720 0.01189
721 0.01193
722 0.01194
723 0.01194
724 0.012
725 0.01198
726 0.01189
727 0.01194
728 0.01193
729 0.01172
730 0.01168
731 0.01191
732 0.01189
733 0.01189
734 0.0119
735 0.01192
736 0.01181
737 0.01178
738 0.01178
739 0.01152
740 0.01155
741 0.0115
742 0.01142
743 0.01161
744 0.01179
745 0.01168
746 0.01181
747 0.01178
748 0.01183
749 0.01177
750 0.01165
