# Top-of-atmosphere (TOA) lunar irradiance from Miller and Turner (2009)
# First column wavelength (nm), second column TOA irradiance# Lunar phase angle: 10
# Irradiance units: mW/m^2-micrometer

300 0.0004372
301 0.0003252
302 0.0004097
303 0.0003916
304 0.0005542
305 0.0005163
306 0.0005273
307 0.000488
308 0.0005678
309 0.0005729
310 0.0004376
311 0.0005817
312 0.0006904
313 0.0005999
314 0.000651
315 0.0005985
316 0.0006165
317 0.0005637
318 0.0007853
319 0.0006043
320 0.0006663
321 0.0008234
322 0.0006535
323 0.0006852
324 0.0006393
325 0.0007665
326 0.0008589
327 0.0009796
328 0.0009515
329 0.000885
330 0.001088
331 0.001005
332 0.0009959
333 0.0009668
334 0.0009267
335 0.0009916
336 0.001011
337 0.0008009
338 0.0008797
339 0.0009448
340 0.0009843
341 0.001088
342 0.0009542
343 0.001062
344 0.001068
345 0.000771
346 0.001053
347 0.0009775
348 0.0009702
349 0.001012
350 0.0009128
351 0.001207
352 0.001078
353 0.0009656
354 0.001166
355 0.001241
356 0.001164
357 0.001041
358 0.0009464
359 0.0007069
360 0.00121
361 0.001142
362 0.001013
363 0.001158
364 0.001094
365 0.001182
366 0.001357
367 0.001445
368 0.001395
369 0.001245
370 0.001466
371 0.0013
372 0.001505
373 0.001244
374 0.001074
375 0.001097
376 0.001319
377 0.001295
378 0.001562
379 0.001677
380 0.001283
381 0.001503
382 0.001367
383 0.0009812
384 0.0008181
385 0.001187
386 0.00125
387 0.001266
388 0.001238
389 0.001191
390 0.001524
391 0.00156
392 0.001817
393 0.001375
394 0.0005993
395 0.001388
396 0.001797
397 0.0009556
398 0.001075
399 0.00205
400 0.002206
401 0.002217
402 0.002414
403 0.002453
404 0.002403
405 0.00235
406 0.002286
407 0.002227
408 0.00226
409 0.002293
410 0.002313
411 0.002144
412 0.002233
413 0.002322
414 0.002412
415 0.002423
416 0.00243
417 0.002463
418 0.002415
419 0.002415
420 0.002419
421 0.002479
422 0.002529
423 0.002443
424 0.002415
425 0.002476
426 0.00246
427 0.002451
428 0.002361
429 0.002361
430 0.002144
431 0.001792
432 0.002221
433 0.002456
434 0.002426
435 0.002377
436 0.002557
437 0.002702
438 0.002621
439 0.002522
440 0.002629
441 0.002746
442 0.002852
443 0.002942
444 0.002953
445 0.002958
446 0.00291
447 0.002894
448 0.003066
449 0.003107
450 0.003141
451 0.003285
452 0.003303
453 0.003151
454 0.003074
455 0.003218
456 0.003243
457 0.003334
458 0.003339
459 0.00326
460 0.003243
461 0.003297
462 0.003352
463 0.003388
464 0.003354
465 0.003283
466 0.003286
467 0.003264
468 0.00325
469 0.003311
470 0.00329
471 0.003246
472 0.00333
473 0.003436
474 0.003395
475 0.003473
476 0.003475
477 0.003432
478 0.003525
479 0.003528
480 0.003529
481 0.003516
482 0.003546
483 0.003518
484 0.003476
485 0.003439
486 0.003132
487 0.002962
488 0.00321
489 0.003314
490 0.003453
491 0.003507
492 0.003388
493 0.003384
494 0.003428
495 0.003515
496 0.00352
497 0.003512
498 0.003488
499 0.003435
500 0.003433
501 0.003382
502 0.003319
503 0.003394
504 0.003462
505 0.003452
506 0.003584
507 0.003644
508 0.003595
509 0.003546
510 0.003494
511 0.00346
512 0.003532
513 0.003499
514 0.003418
515 0.003379
516 0.003435
517 0.003202
518 0.003015
519 0.003133
520 0.003358
521 0.003424
522 0.003492
523 0.003426
524 0.003491
525 0.003601
526 0.003566
527 0.003269
528 0.003351
529 0.003571
530 0.003611
531 0.003667
532 0.003679
533 0.003643
534 0.003597
535 0.003613
536 0.003724
537 0.003645
538 0.003649
539 0.003678
540 0.0036
541 0.003533
542 0.003615
543 0.003661
544 0.003697
545 0.003734
546 0.003748
547 0.003754
548 0.003715
549 0.003738
550 0.003787
551 0.003773
552 0.003791
553 0.00379
554 0.003784
555 0.003827
556 0.003813
557 0.00374
558 0.003699
559 0.003656
560 0.003611
561 0.003704
562 0.003743
563 0.003704
564 0.003727
565 0.003742
566 0.003714
567 0.003721
568 0.003791
569 0.003766
570 0.003761
571 0.003728
572 0.003739
573 0.00389
574 0.003913
575 0.003885
576 0.003833
577 0.003854
578 0.003866
579 0.003818
580 0.003852
581 0.003892
582 0.003916
583 0.00396
584 0.003969
585 0.003945
586 0.003879
587 0.003877
588 0.003935
589 0.003789
590 0.003633
591 0.003813
592 0.003908
593 0.003922
594 0.003921
595 0.003939
596 0.003927
597 0.003959
598 0.003959
599 0.003928
600 0.003943
601 0.003923
602 0.003882
603 0.003905
604 0.003982
605 0.004002
606 0.003985
607 0.003975
608 0.003965
609 0.003932
610 0.003916
611 0.003923
612 0.003935
613 0.003922
614 0.003878
615 0.00388
616 0.003855
617 0.003788
618 0.003852
619 0.003915
620 0.003945
621 0.003986
622 0.003964
623 0.003944
624 0.003927
625 0.003897
626 0.003888
627 0.00397
628 0.004024
629 0.004032
630 0.003991
631 0.003977
632 0.003925
633 0.003979
634 0.003962
635 0.003981
636 0.003985
637 0.003979
638 0.004039
639 0.004042
640 0.003967
641 0.003941
642 0.003929
643 0.003976
644 0.003968
645 0.003978
646 0.003949
647 0.003959
648 0.003992
649 0.003986
650 0.003873
651 0.004015
652 0.00404
653 0.003987
654 0.003959
655 0.003902
656 0.003649
657 0.003357
658 0.003719
659 0.003904
660 0.003922
661 0.00396
662 0.003988
663 0.003979
664 0.003936
665 0.003951
666 0.003965
667 0.003947
668 0.003941
669 0.003971
670 0.003965
671 0.003955
672 0.00394
673 0.003933
674 0.003929
675 0.003926
676 0.003924
677 0.003922
678 0.00392
679 0.003919
680 0.003919
681 0.003918
682 0.003919
683 0.003919
684 0.00392
685 0.003922
686 0.003924
687 0.003926
688 0.003929
689 0.00394
690 0.003964
691 0.003974
692 0.003958
693 0.003948
694 0.003958
695 0.00394
696 0.00394
697 0.003956
698 0.003906
699 0.003957
700 0.003971
701 0.003921
702 0.003899
703 0.003919
704 0.003942
705 0.003986
706 0.003964
707 0.003919
708 0.003927
709 0.003896
710 0.003873
711 0.003892
712 0.003842
713 0.003831
714 0.003843
715 0.003838
716 0.003827
717 0.003847
718 0.003846
719 0.0038
720 0.003805
721 0.003815
722 0.00382
723 0.003819
724 0.003838
725 0.003832
726 0.003803
727 0.003817
728 0.003813
729 0.003745
730 0.003733
731 0.003805
732 0.003799
733 0.0038
734 0.003804
735 0.003808
736 0.003771
737 0.003763
738 0.003762
739 0.00368
740 0.003689
741 0.003671
742 0.003647
743 0.003705
744 0.003763
745 0.003727
746 0.00377
747 0.003759
748 0.003775
749 0.003756
750 0.003717
