# Top-of-atmosphere (TOA) lunar irradiance from Miller and Turner (2009) by 10 nm increments
# First column wavelength (nm), second column TOA irradiance# Phase angle = 45
# Units = mW/m^2-micrometer

300 0.005541
310 0.005545
320 0.008438
330 0.01378
340 0.01245
350 0.01154
360 0.0153
370 0.01852
380 0.01621
390 0.01924
400 0.02784
410 0.02918
420 0.0305
430 0.02703
440 0.03312
450 0.03956
460 0.04082
470 0.0414
480 0.04439
490 0.04341
500 0.04314
510 0.04389
520 0.04216
530 0.04532
540 0.04516
550 0.04749
560 0.04526
570 0.04712
580 0.04825
590 0.04548
600 0.04933
610 0.04898
620 0.04932
630 0.04987
640 0.04955
650 0.04835
660 0.04895
670 0.04947
680 0.04886
690 0.04941
700 0.04948
710 0.04824
720 0.04736
730 0.04644
740 0.04588
750 0.04621
