# Top-of-atmosphere (TOA) lunar irradiance from Miller and Turner (2009)
# First column wavelength (nm), second column TOA irradiance# Lunar phase angle: 53
# Irradiance units: mW/m^2-micrometer

300 0.009311
301 0.006926
302 0.008723
303 0.008338
304 0.0118
305 0.01099
306 0.01122
307 0.01038
308 0.01208
309 0.01219
310 0.00931
311 0.01237
312 0.01468
313 0.01276
314 0.01384
315 0.01272
316 0.0131
317 0.01198
318 0.01669
319 0.01284
320 0.01416
321 0.01749
322 0.01388
323 0.01455
324 0.01358
325 0.01627
326 0.01823
327 0.0208
328 0.0202
329 0.01878
330 0.02309
331 0.02133
332 0.02113
333 0.02051
334 0.01965
335 0.02103
336 0.02144
337 0.01698
338 0.01865
339 0.02003
340 0.02086
341 0.02305
342 0.02022
343 0.0225
344 0.02263
345 0.01633
346 0.02229
347 0.0207
348 0.02054
349 0.02143
350 0.01932
351 0.02554
352 0.0228
353 0.02043
354 0.02467
355 0.02626
356 0.02463
357 0.02203
358 0.02001
359 0.01495
360 0.02559
361 0.02414
362 0.0214
363 0.02448
364 0.02313
365 0.02497
366 0.02867
367 0.03053
368 0.02946
369 0.02629
370 0.03095
371 0.02745
372 0.03176
373 0.02625
374 0.02267
375 0.02314
376 0.02783
377 0.02732
378 0.03294
379 0.03538
380 0.02706
381 0.0317
382 0.02883
383 0.02069
384 0.01725
385 0.02502
386 0.02634
387 0.02669
388 0.02608
389 0.02509
390 0.0321
391 0.03286
392 0.03827
393 0.02895
394 0.01262
395 0.02922
396 0.03782
397 0.02011
398 0.02262
399 0.04313
400 0.04641
401 0.04664
402 0.05077
403 0.05158
404 0.05054
405 0.04941
406 0.04805
407 0.04682
408 0.0475
409 0.04818
410 0.04861
411 0.04506
412 0.04692
413 0.04878
414 0.05066
415 0.05088
416 0.05102
417 0.0517
418 0.0507
419 0.05069
420 0.05076
421 0.05203
422 0.05306
423 0.05126
424 0.05066
425 0.05192
426 0.05158
427 0.05139
428 0.04951
429 0.04951
430 0.04495
431 0.03755
432 0.04655
433 0.05147
434 0.05083
435 0.0498
436 0.05356
437 0.0566
438 0.05489
439 0.0528
440 0.05504
441 0.05748
442 0.0597
443 0.06157
444 0.06179
445 0.06189
446 0.06089
447 0.06054
448 0.06414
449 0.06498
450 0.06569
451 0.06869
452 0.06906
453 0.06587
454 0.06424
455 0.06725
456 0.06776
457 0.06967
458 0.06975
459 0.0681
460 0.06773
461 0.06885
462 0.07
463 0.07074
464 0.07001
465 0.06852
466 0.06859
467 0.06811
468 0.06781
469 0.06908
470 0.06864
471 0.06771
472 0.06945
473 0.07165
474 0.07079
475 0.07241
476 0.07244
477 0.07152
478 0.07347
479 0.07351
480 0.07353
481 0.07324
482 0.07387
483 0.07327
484 0.07239
485 0.0716
486 0.06521
487 0.06166
488 0.06681
489 0.06896
490 0.07185
491 0.07296
492 0.07048
493 0.07039
494 0.07131
495 0.0731
496 0.0732
497 0.07301
498 0.07251
499 0.07139
500 0.07136
501 0.07029
502 0.06897
503 0.07051
504 0.07192
505 0.07171
506 0.07443
507 0.07567
508 0.07464
509 0.07361
510 0.07253
511 0.07181
512 0.07331
513 0.0726
514 0.07093
515 0.07011
516 0.07125
517 0.06641
518 0.06252
519 0.06496
520 0.06962
521 0.07099
522 0.07238
523 0.071
524 0.07234
525 0.07462
526 0.07388
527 0.06772
528 0.06942
529 0.07396
530 0.07478
531 0.07594
532 0.07618
533 0.07541
534 0.07445
535 0.07476
536 0.07707
537 0.07541
538 0.0755
539 0.07608
540 0.07446
541 0.07306
542 0.07474
543 0.0757
544 0.07643
545 0.07719
546 0.07747
547 0.07757
548 0.07676
549 0.07722
550 0.07823
551 0.07793
552 0.0783
553 0.07826
554 0.07813
555 0.07901
556 0.07871
557 0.07719
558 0.07633
559 0.07543
560 0.0745
561 0.07641
562 0.0772
563 0.0764
564 0.07687
565 0.07716
566 0.07657
567 0.0767
568 0.07815
569 0.07762
570 0.07751
571 0.07682
572 0.07704
573 0.08013
574 0.08061
575 0.08001
576 0.07893
577 0.07934
578 0.07959
579 0.0786
580 0.07929
581 0.0801
582 0.08058
583 0.08148
584 0.08165
585 0.08115
586 0.07979
587 0.07972
588 0.08091
589 0.0779
590 0.07468
591 0.07837
592 0.08032
593 0.08059
594 0.08057
595 0.08093
596 0.08066
597 0.08131
598 0.08132
599 0.08067
600 0.08095
601 0.08055
602 0.0797
603 0.08014
604 0.08171
605 0.08211
606 0.08175
607 0.08155
608 0.08132
609 0.08065
610 0.08031
611 0.08044
612 0.08067
613 0.0804
614 0.07949
615 0.07952
616 0.07899
617 0.07761
618 0.07892
619 0.0802
620 0.08079
621 0.08163
622 0.08116
623 0.08076
624 0.0804
625 0.07977
626 0.07959
627 0.08125
628 0.08234
629 0.08248
630 0.08164
631 0.08135
632 0.08028
633 0.08137
634 0.08102
635 0.08139
636 0.08145
637 0.08133
638 0.08255
639 0.0826
640 0.08105
641 0.0805
642 0.08026
643 0.08121
644 0.08103
645 0.08124
646 0.08063
647 0.08083
648 0.08149
649 0.08135
650 0.07903
651 0.08192
652 0.08243
653 0.08133
654 0.08075
655 0.07957
656 0.07441
657 0.06845
658 0.07583
659 0.07958
660 0.07994
661 0.08071
662 0.08126
663 0.08106
664 0.08018
665 0.08048
666 0.08076
667 0.08039
668 0.08025
669 0.08085
670 0.08072
671 0.0805
672 0.08019
673 0.08003
674 0.07995
675 0.07988
676 0.07982
677 0.07977
678 0.07973
679 0.0797
680 0.07967
681 0.07966
682 0.07966
683 0.07966
684 0.07967
685 0.07969
686 0.07973
687 0.07977
688 0.07982
689 0.08001
690 0.0805
691 0.0807
692 0.08035
693 0.08014
694 0.08034
695 0.07996
696 0.07995
697 0.08026
698 0.07924
699 0.08027
700 0.08055
701 0.07951
702 0.07907
703 0.07946
704 0.07991
705 0.08079
706 0.08033
707 0.07943
708 0.07958
709 0.07893
710 0.07846
711 0.07883
712 0.07782
713 0.07758
714 0.07781
715 0.07771
716 0.07748
717 0.07787
718 0.07784
719 0.07689
720 0.07698
721 0.07718
722 0.07728
723 0.07724
724 0.07762
725 0.07748
726 0.07689
727 0.07716
728 0.07706
729 0.0757
730 0.07543
731 0.07688
732 0.07676
733 0.07676
734 0.07683
735 0.07691
736 0.07615
737 0.07598
738 0.07594
739 0.07428
740 0.07445
741 0.07409
742 0.07359
743 0.07476
744 0.07591
745 0.07519
746 0.07604
747 0.0758
748 0.07612
749 0.07574
750 0.07493
