# Top-of-atmosphere (TOA) lunar irradiance from Miller and Turner (2009)
# First column wavelength (nm), second column TOA irradiance# Lunar phase angle: 30
# Irradiance units: mW/m^2-micrometer

300 0.001918
301 0.001427
302 0.001798
303 0.001719
304 0.002432
305 0.002266
306 0.002315
307 0.002142
308 0.002493
309 0.002515
310 0.001922
311 0.002554
312 0.003032
313 0.002634
314 0.002859
315 0.002629
316 0.002708
317 0.002477
318 0.00345
319 0.002655
320 0.002928
321 0.003619
322 0.002872
323 0.003012
324 0.00281
325 0.003369
326 0.003776
327 0.004307
328 0.004184
329 0.003892
330 0.004786
331 0.004421
332 0.00438
333 0.004253
334 0.004076
335 0.004363
336 0.004449
337 0.003524
338 0.003871
339 0.004158
340 0.004332
341 0.004788
342 0.0042
343 0.004676
344 0.004703
345 0.003395
346 0.004635
347 0.004305
348 0.004273
349 0.004458
350 0.004021
351 0.005316
352 0.004747
353 0.004254
354 0.005137
355 0.005469
356 0.005131
357 0.00459
358 0.004171
359 0.003116
360 0.005335
361 0.005035
362 0.004465
363 0.005108
364 0.004826
365 0.005211
366 0.005985
367 0.006375
368 0.006152
369 0.005492
370 0.006466
371 0.005736
372 0.006639
373 0.005488
374 0.004741
375 0.00484
376 0.005821
377 0.005717
378 0.006894
379 0.007406
380 0.005666
381 0.006638
382 0.006038
383 0.004333
384 0.003613
385 0.005244
386 0.005521
387 0.005595
388 0.005469
389 0.005263
390 0.006733
391 0.006894
392 0.008032
393 0.006078
394 0.002649
395 0.006136
396 0.007943
397 0.004225
398 0.004753
399 0.009064
400 0.009755
401 0.009807
402 0.01068
403 0.01085
404 0.01063
405 0.0104
406 0.01011
407 0.009856
408 0.01
409 0.01015
410 0.01024
411 0.009492
412 0.009885
413 0.01028
414 0.01068
415 0.01073
416 0.01076
417 0.01091
418 0.01069
419 0.0107
420 0.01071
421 0.01098
422 0.0112
423 0.01083
424 0.0107
425 0.01097
426 0.0109
427 0.01086
428 0.01047
429 0.01047
430 0.009506
431 0.007943
432 0.009849
433 0.01089
434 0.01076
435 0.01054
436 0.01134
437 0.01199
438 0.01163
439 0.01119
440 0.01166
441 0.01218
442 0.01266
443 0.01306
444 0.0131
445 0.01313
446 0.01292
447 0.01285
448 0.01361
449 0.01379
450 0.01395
451 0.01459
452 0.01467
453 0.014
454 0.01365
455 0.01429
456 0.01441
457 0.01481
458 0.01483
459 0.01449
460 0.01441
461 0.01465
462 0.0149
463 0.01506
464 0.01491
465 0.01459
466 0.01461
467 0.01451
468 0.01445
469 0.01473
470 0.01463
471 0.01444
472 0.01481
473 0.01529
474 0.0151
475 0.01545
476 0.01546
477 0.01527
478 0.01569
479 0.0157
480 0.01571
481 0.01565
482 0.01579
483 0.01566
484 0.01548
485 0.01531
486 0.01395
487 0.01319
488 0.01429
489 0.01476
490 0.01538
491 0.01562
492 0.01509
493 0.01508
494 0.01528
495 0.01566
496 0.01569
497 0.01565
498 0.01555
499 0.01531
500 0.01531
501 0.01508
502 0.0148
503 0.01513
504 0.01544
505 0.0154
506 0.01598
507 0.01625
508 0.01604
509 0.01582
510 0.01559
511 0.01544
512 0.01576
513 0.01561
514 0.01526
515 0.01508
516 0.01533
517 0.01429
518 0.01346
519 0.01399
520 0.01499
521 0.01529
522 0.01559
523 0.0153
524 0.01559
525 0.01609
526 0.01593
527 0.0146
528 0.01497
529 0.01596
530 0.01614
531 0.01639
532 0.01645
533 0.01628
534 0.01608
535 0.01615
536 0.01665
537 0.0163
538 0.01632
539 0.01645
540 0.0161
541 0.0158
542 0.01617
543 0.01638
544 0.01654
545 0.01671
546 0.01677
547 0.0168
548 0.01662
549 0.01673
550 0.01695
551 0.01689
552 0.01697
553 0.01697
554 0.01694
555 0.01714
556 0.01708
557 0.01675
558 0.01657
559 0.01637
560 0.01618
561 0.01659
562 0.01677
563 0.0166
564 0.0167
565 0.01677
566 0.01664
567 0.01668
568 0.01699
569 0.01688
570 0.01686
571 0.01672
572 0.01677
573 0.01744
574 0.01755
575 0.01742
576 0.01719
577 0.01729
578 0.01734
579 0.01713
580 0.01729
581 0.01746
582 0.01757
583 0.01777
584 0.01781
585 0.01771
586 0.01741
587 0.0174
588 0.01767
589 0.01701
590 0.01631
591 0.01712
592 0.01755
593 0.01762
594 0.01761
595 0.01769
596 0.01764
597 0.01779
598 0.01779
599 0.01765
600 0.01772
601 0.01763
602 0.01745
603 0.01755
604 0.0179
605 0.01799
606 0.01792
607 0.01787
608 0.01783
609 0.01768
610 0.01761
611 0.01765
612 0.0177
613 0.01764
614 0.01745
615 0.01746
616 0.01735
617 0.01705
618 0.01734
619 0.01762
620 0.01776
621 0.01794
622 0.01784
623 0.01776
624 0.01768
625 0.01755
626 0.01751
627 0.01788
628 0.01813
629 0.01816
630 0.01798
631 0.01792
632 0.01769
633 0.01793
634 0.01786
635 0.01794
636 0.01796
637 0.01794
638 0.01821
639 0.01822
640 0.01788
641 0.01777
642 0.01772
643 0.01793
644 0.01789
645 0.01794
646 0.01781
647 0.01786
648 0.01801
649 0.01798
650 0.01747
651 0.01812
652 0.01823
653 0.01799
654 0.01787
655 0.01761
656 0.01647
657 0.01515
658 0.01679
659 0.01763
660 0.01771
661 0.01788
662 0.01801
663 0.01797
664 0.01778
665 0.01785
666 0.01791
667 0.01783
668 0.01781
669 0.01794
670 0.01792
671 0.01787
672 0.01781
673 0.01778
674 0.01776
675 0.01775
676 0.01774
677 0.01773
678 0.01773
679 0.01773
680 0.01772
681 0.01772
682 0.01773
683 0.01773
684 0.01774
685 0.01775
686 0.01776
687 0.01777
688 0.01778
689 0.01783
690 0.01794
691 0.01799
692 0.01792
693 0.01787
694 0.01792
695 0.01784
696 0.01784
697 0.01791
698 0.01769
699 0.01792
700 0.01799
701 0.01776
702 0.01767
703 0.01776
704 0.01786
705 0.01806
706 0.01796
707 0.01776
708 0.0178
709 0.01766
710 0.01756
711 0.01765
712 0.01742
713 0.01737
714 0.01743
715 0.01741
716 0.01736
717 0.01745
718 0.01745
719 0.01724
720 0.01726
721 0.01731
722 0.01734
723 0.01733
724 0.01742
725 0.01739
726 0.01726
727 0.01733
728 0.01731
729 0.01701
730 0.01695
731 0.01728
732 0.01726
733 0.01726
734 0.01728
735 0.0173
736 0.01713
737 0.0171
738 0.01709
739 0.01672
740 0.01676
741 0.01668
742 0.01658
743 0.01684
744 0.01711
745 0.01695
746 0.01714
747 0.01709
748 0.01717
749 0.01708
750 0.01691
