# Top-of-atmosphere (TOA) lunar irradiance from Miller and Turner (2009)
# First column wavelength (nm), second column TOA irradiance# Lunar phase angle: 8
# Irradiance units: mW/m^2-micrometer

300 0.0003844
301 0.000286
302 0.0003602
303 0.0003443
304 0.0004872
305 0.0004539
306 0.0004636
307 0.000429
308 0.0004991
309 0.0005035
310 0.0003846
311 0.0005112
312 0.0006067
313 0.0005271
314 0.0005721
315 0.0005258
316 0.0005416
317 0.0004953
318 0.0006899
319 0.0005308
320 0.0005852
321 0.0007232
322 0.000574
323 0.0006018
324 0.0005614
325 0.0006731
326 0.0007542
327 0.0008601
328 0.0008354
329 0.000777
330 0.0009554
331 0.0008824
332 0.0008742
333 0.0008486
334 0.0008133
335 0.0008703
336 0.0008875
337 0.0007028
338 0.0007719
339 0.000829
340 0.0008637
341 0.0009543
342 0.0008371
343 0.0009318
344 0.000937
345 0.0006763
346 0.0009233
347 0.0008573
348 0.0008509
349 0.0008876
350 0.0008005
351 0.001058
352 0.0009448
353 0.0008466
354 0.001022
355 0.001088
356 0.001021
357 0.0009129
358 0.0008295
359 0.0006196
360 0.001061
361 0.001001
362 0.0008874
363 0.001015
364 0.000959
365 0.001035
366 0.001189
367 0.001266
368 0.001222
369 0.001091
370 0.001284
371 0.001139
372 0.001318
373 0.001089
374 0.0009408
375 0.0009604
376 0.001155
377 0.001134
378 0.001367
379 0.001469
380 0.001123
381 0.001316
382 0.001197
383 0.0008589
384 0.0007161
385 0.001039
386 0.001094
387 0.001108
388 0.001083
389 0.001042
390 0.001333
391 0.001365
392 0.00159
393 0.001203
394 0.0005242
395 0.001214
396 0.001572
397 0.0008358
398 0.0009401
399 0.001793
400 0.001929
401 0.001939
402 0.00211
403 0.002145
404 0.002101
405 0.002055
406 0.001998
407 0.001947
408 0.001975
409 0.002004
410 0.002022
411 0.001874
412 0.001952
413 0.002029
414 0.002108
415 0.002117
416 0.002123
417 0.002152
418 0.00211
419 0.00211
420 0.002113
421 0.002166
422 0.002209
423 0.002134
424 0.002109
425 0.002162
426 0.002148
427 0.00214
428 0.002062
429 0.002062
430 0.001872
431 0.001564
432 0.001939
433 0.002144
434 0.002118
435 0.002075
436 0.002232
437 0.002359
438 0.002288
439 0.0022
440 0.002294
441 0.002396
442 0.002489
443 0.002567
444 0.002576
445 0.00258
446 0.002539
447 0.002524
448 0.002674
449 0.00271
450 0.002739
451 0.002865
452 0.002881
453 0.002748
454 0.00268
455 0.002806
456 0.002827
457 0.002907
458 0.002911
459 0.002842
460 0.002827
461 0.002874
462 0.002922
463 0.002953
464 0.002922
465 0.00286
466 0.002863
467 0.002844
468 0.002831
469 0.002885
470 0.002866
471 0.002828
472 0.002901
473 0.002993
474 0.002957
475 0.003025
476 0.003026
477 0.002988
478 0.00307
479 0.003072
480 0.003073
481 0.003061
482 0.003087
483 0.003062
484 0.003026
485 0.002993
486 0.002726
487 0.002578
488 0.002793
489 0.002884
490 0.003005
491 0.003051
492 0.002948
493 0.002944
494 0.002983
495 0.003058
496 0.003062
497 0.003055
498 0.003034
499 0.002987
500 0.002986
501 0.002942
502 0.002886
503 0.002951
504 0.00301
505 0.003002
506 0.003116
507 0.003168
508 0.003125
509 0.003082
510 0.003037
511 0.003007
512 0.00307
513 0.003041
514 0.002971
515 0.002937
516 0.002985
517 0.002782
518 0.002619
519 0.002722
520 0.002917
521 0.002975
522 0.003033
523 0.002976
524 0.003032
525 0.003128
526 0.003097
527 0.002839
528 0.00291
529 0.003101
530 0.003135
531 0.003184
532 0.003194
533 0.003163
534 0.003122
535 0.003136
536 0.003233
537 0.003163
538 0.003167
539 0.003192
540 0.003124
541 0.003066
542 0.003136
543 0.003177
544 0.003208
545 0.00324
546 0.003252
547 0.003256
548 0.003222
549 0.003242
550 0.003285
551 0.003272
552 0.003288
553 0.003286
554 0.003281
555 0.003318
556 0.003306
557 0.003242
558 0.003207
559 0.003169
560 0.00313
561 0.00321
562 0.003244
563 0.003211
564 0.00323
565 0.003243
566 0.003218
567 0.003224
568 0.003285
569 0.003263
570 0.003258
571 0.00323
572 0.003239
573 0.003369
574 0.00339
575 0.003365
576 0.003319
577 0.003337
578 0.003348
579 0.003306
580 0.003336
581 0.00337
582 0.00339
583 0.003428
584 0.003436
585 0.003415
586 0.003358
587 0.003355
588 0.003406
589 0.003279
590 0.003144
591 0.0033
592 0.003382
593 0.003393
594 0.003393
595 0.003408
596 0.003397
597 0.003425
598 0.003425
599 0.003398
600 0.00341
601 0.003393
602 0.003358
603 0.003377
604 0.003443
605 0.00346
606 0.003445
607 0.003437
608 0.003427
609 0.0034
610 0.003385
611 0.003391
612 0.003401
613 0.00339
614 0.003352
615 0.003353
616 0.003331
617 0.003273
618 0.003329
619 0.003383
620 0.003408
621 0.003443
622 0.003424
623 0.003407
624 0.003392
625 0.003366
626 0.003358
627 0.003429
628 0.003475
629 0.003481
630 0.003446
631 0.003434
632 0.003389
633 0.003435
634 0.003421
635 0.003437
636 0.00344
637 0.003435
638 0.003486
639 0.003489
640 0.003423
641 0.003401
642 0.003391
643 0.003431
644 0.003424
645 0.003432
646 0.003407
647 0.003416
648 0.003444
649 0.003438
650 0.00334
651 0.003463
652 0.003485
653 0.003438
654 0.003414
655 0.003364
656 0.003146
657 0.002894
658 0.003207
659 0.003366
660 0.003381
661 0.003414
662 0.003437
663 0.003429
664 0.003392
665 0.003405
666 0.003417
667 0.003401
668 0.003396
669 0.003421
670 0.003416
671 0.003407
672 0.003394
673 0.003388
674 0.003385
675 0.003382
676 0.00338
677 0.003378
678 0.003376
679 0.003375
680 0.003374
681 0.003374
682 0.003374
683 0.003374
684 0.003375
685 0.003376
686 0.003378
687 0.00338
688 0.003382
689 0.003391
690 0.003412
691 0.00342
692 0.003406
693 0.003397
694 0.003406
695 0.00339
696 0.00339
697 0.003403
698 0.00336
699 0.003404
700 0.003416
701 0.003372
702 0.003354
703 0.00337
704 0.00339
705 0.003427
706 0.003408
707 0.00337
708 0.003377
709 0.003349
710 0.00333
711 0.003346
712 0.003303
713 0.003293
714 0.003303
715 0.003299
716 0.003289
717 0.003306
718 0.003305
719 0.003265
720 0.003269
721 0.003278
722 0.003282
723 0.003281
724 0.003297
725 0.003291
726 0.003266
727 0.003278
728 0.003274
729 0.003216
730 0.003205
731 0.003267
732 0.003262
733 0.003263
734 0.003265
735 0.003269
736 0.003237
737 0.00323
738 0.003229
739 0.003158
740 0.003166
741 0.003151
742 0.00313
743 0.003179
744 0.003229
745 0.003198
746 0.003235
747 0.003225
748 0.003239
749 0.003222
750 0.003188
