# Top-of-atmosphere (TOA) lunar irradiance from Miller and Turner (2009)
# First column wavelength (nm), second column TOA irradiance# Lunar phase angle: 59
# Irradiance units: mW/m^2-micrometer

300 0.01361
301 0.01013
302 0.01275
303 0.01219
304 0.01724
305 0.01606
306 0.0164
307 0.01518
308 0.01765
309 0.01781
310 0.0136
311 0.01807
312 0.02145
313 0.01863
314 0.02022
315 0.01858
316 0.01914
317 0.0175
318 0.02437
319 0.01875
320 0.02067
321 0.02554
322 0.02026
323 0.02124
324 0.01982
325 0.02375
326 0.02661
327 0.03035
328 0.02947
329 0.02741
330 0.03369
331 0.03112
332 0.03082
333 0.02992
334 0.02867
335 0.03067
336 0.03128
337 0.02476
338 0.02719
339 0.0292
340 0.03042
341 0.03361
342 0.02948
343 0.0328
344 0.03298
345 0.0238
346 0.03249
347 0.03017
348 0.02994
349 0.03122
350 0.02815
351 0.03722
352 0.03322
353 0.02977
354 0.03593
355 0.03825
356 0.03587
357 0.03208
358 0.02914
359 0.02177
360 0.03725
361 0.03515
362 0.03116
363 0.03564
364 0.03367
365 0.03634
366 0.04173
367 0.04443
368 0.04287
369 0.03826
370 0.04503
371 0.03994
372 0.04621
373 0.03819
374 0.03298
375 0.03366
376 0.04048
377 0.03974
378 0.04791
379 0.05145
380 0.03935
381 0.04609
382 0.04191
383 0.03007
384 0.02507
385 0.03637
386 0.03829
387 0.03879
388 0.0379
389 0.03646
390 0.04664
391 0.04774
392 0.05561
393 0.04206
394 0.01833
395 0.04245
396 0.05493
397 0.02921
398 0.03285
399 0.06263
400 0.06739
401 0.06773
402 0.07371
403 0.07489
404 0.07337
405 0.07173
406 0.06975
407 0.06795
408 0.06893
409 0.06992
410 0.07054
411 0.06538
412 0.06807
413 0.07077
414 0.07349
415 0.0738
416 0.07401
417 0.07499
418 0.07352
419 0.07351
420 0.07361
421 0.07544
422 0.07693
423 0.07432
424 0.07345
425 0.07527
426 0.07477
427 0.07448
428 0.07175
429 0.07174
430 0.06514
431 0.05441
432 0.06745
433 0.07457
434 0.07364
435 0.07214
436 0.07758
437 0.08198
438 0.0795
439 0.07647
440 0.07971
441 0.08323
442 0.08644
443 0.08914
444 0.08945
445 0.08958
446 0.08814
447 0.08763
448 0.09282
449 0.09404
450 0.09505
451 0.09939
452 0.09992
453 0.0953
454 0.09294
455 0.09728
456 0.09801
457 0.1008
458 0.1009
459 0.09848
460 0.09795
461 0.09956
462 0.1012
463 0.1023
464 0.1012
465 0.09905
466 0.09914
467 0.09844
468 0.098
469 0.09984
470 0.09919
471 0.09784
472 0.1003
473 0.1035
474 0.1023
475 0.1046
476 0.1046
477 0.1033
478 0.1061
479 0.1062
480 0.1062
481 0.1058
482 0.1067
483 0.1058
484 0.1045
485 0.1034
486 0.09413
487 0.089
488 0.09642
489 0.09953
490 0.1037
491 0.1053
492 0.1017
493 0.1016
494 0.1029
495 0.1055
496 0.1056
497 0.1053
498 0.1046
499 0.103
500 0.1029
501 0.1014
502 0.09945
503 0.1017
504 0.1037
505 0.1034
506 0.1073
507 0.1091
508 0.1076
509 0.1061
510 0.1045
511 0.1035
512 0.1056
513 0.1046
514 0.1022
515 0.101
516 0.1026
517 0.09566
518 0.09005
519 0.09356
520 0.1003
521 0.1022
522 0.1042
523 0.1022
524 0.1041
525 0.1074
526 0.1064
527 0.09748
528 0.09991
529 0.1064
530 0.1076
531 0.1093
532 0.1096
533 0.1085
534 0.1071
535 0.1076
536 0.1109
537 0.1085
538 0.1086
539 0.1094
540 0.1071
541 0.1051
542 0.1075
543 0.1088
544 0.1099
545 0.111
546 0.1114
547 0.1115
548 0.1103
549 0.111
550 0.1124
551 0.112
552 0.1125
553 0.1125
554 0.1122
555 0.1135
556 0.1131
557 0.1109
558 0.1096
559 0.1083
560 0.107
561 0.1097
562 0.1109
563 0.1097
564 0.1104
565 0.1108
566 0.1099
567 0.1101
568 0.1122
569 0.1114
570 0.1112
571 0.1102
572 0.1106
573 0.115
574 0.1157
575 0.1148
576 0.1132
577 0.1138
578 0.1142
579 0.1127
580 0.1137
581 0.1149
582 0.1155
583 0.1168
584 0.1171
585 0.1163
586 0.1144
587 0.1143
588 0.116
589 0.1117
590 0.107
591 0.1123
592 0.1151
593 0.1155
594 0.1154
595 0.1159
596 0.1156
597 0.1165
598 0.1165
599 0.1155
600 0.1159
601 0.1154
602 0.1141
603 0.1148
604 0.117
605 0.1176
606 0.117
607 0.1167
608 0.1164
609 0.1154
610 0.1149
611 0.1151
612 0.1154
613 0.115
614 0.1137
615 0.1138
616 0.113
617 0.111
618 0.1129
619 0.1147
620 0.1156
621 0.1167
622 0.1161
623 0.1155
624 0.115
625 0.1141
626 0.1138
627 0.1162
628 0.1177
629 0.1179
630 0.1167
631 0.1163
632 0.1147
633 0.1163
634 0.1158
635 0.1163
636 0.1164
637 0.1162
638 0.1179
639 0.118
640 0.1158
641 0.115
642 0.1146
643 0.116
644 0.1157
645 0.116
646 0.1151
647 0.1154
648 0.1163
649 0.1161
650 0.1128
651 0.1169
652 0.1176
653 0.1161
654 0.1152
655 0.1135
656 0.1062
657 0.09765
658 0.1082
659 0.1135
660 0.114
661 0.1151
662 0.1159
663 0.1156
664 0.1143
665 0.1147
666 0.1151
667 0.1146
668 0.1144
669 0.1152
670 0.1151
671 0.1147
672 0.1143
673 0.114
674 0.1139
675 0.1138
676 0.1137
677 0.1136
678 0.1136
679 0.1135
680 0.1135
681 0.1135
682 0.1134
683 0.1134
684 0.1135
685 0.1135
686 0.1135
687 0.1136
688 0.1136
689 0.1139
690 0.1146
691 0.1149
692 0.1144
693 0.114
694 0.1143
695 0.1138
696 0.1138
697 0.1142
698 0.1127
699 0.1142
700 0.1146
701 0.1131
702 0.1125
703 0.113
704 0.1136
705 0.1149
706 0.1142
707 0.1129
708 0.1131
709 0.1122
710 0.1115
711 0.112
712 0.1106
713 0.1103
714 0.1106
715 0.1104
716 0.1101
717 0.1106
718 0.1106
719 0.1092
720 0.1093
721 0.1096
722 0.1098
723 0.1097
724 0.1102
725 0.11
726 0.1092
727 0.1095
728 0.1094
729 0.1075
730 0.1071
731 0.1091
732 0.1089
733 0.1089
734 0.109
735 0.1091
736 0.1081
737 0.1078
738 0.1077
739 0.1054
740 0.1056
741 0.1051
742 0.1044
743 0.106
744 0.1076
745 0.1066
746 0.1078
747 0.1075
748 0.1079
749 0.1074
750 0.1062
