# Top-of-atmosphere (TOA) lunar irradiance from Miller and Turner (2009)
# First column wavelength (nm), second column TOA irradiance# Lunar phase angle: 63
# Irradiance units: mW/m^2-micrometer

300 0.01703
301 0.01267
302 0.01595
303 0.01525
304 0.02157
305 0.02009
306 0.02051
307 0.01898
308 0.02208
309 0.02227
310 0.01701
311 0.0226
312 0.02682
313 0.0233
314 0.02528
315 0.02323
316 0.02393
317 0.02187
318 0.03047
319 0.02344
320 0.02584
321 0.03192
322 0.02533
323 0.02655
324 0.02477
325 0.02969
326 0.03326
327 0.03793
328 0.03683
329 0.03425
330 0.0421
331 0.03888
332 0.03851
333 0.03738
334 0.03582
335 0.03832
336 0.03907
337 0.03094
338 0.03397
339 0.03648
340 0.038
341 0.04198
342 0.03682
343 0.04097
344 0.04119
345 0.02973
346 0.04058
347 0.03767
348 0.03738
349 0.03899
350 0.03515
351 0.04647
352 0.04148
353 0.03716
354 0.04486
355 0.04774
356 0.04478
357 0.04004
358 0.03638
359 0.02717
360 0.0465
361 0.04387
362 0.03889
363 0.04448
364 0.04201
365 0.04535
366 0.05207
367 0.05544
368 0.05349
369 0.04773
370 0.05619
371 0.04983
372 0.05765
373 0.04764
374 0.04115
375 0.04199
376 0.05049
377 0.04957
378 0.05976
379 0.06417
380 0.04908
381 0.05749
382 0.05227
383 0.0375
384 0.03126
385 0.04535
386 0.04774
387 0.04836
388 0.04726
389 0.04546
390 0.05815
391 0.05952
392 0.06932
393 0.05244
394 0.02285
395 0.05291
396 0.06847
397 0.03641
398 0.04094
399 0.07806
400 0.08398
401 0.0844
402 0.09185
403 0.09332
404 0.09142
405 0.08937
406 0.0869
407 0.08466
408 0.08588
409 0.08711
410 0.08788
411 0.08144
412 0.08479
413 0.08815
414 0.09154
415 0.09192
416 0.09218
417 0.09339
418 0.09156
419 0.09155
420 0.09166
421 0.09395
422 0.09579
423 0.09254
424 0.09145
425 0.09371
426 0.09309
427 0.09273
428 0.08933
429 0.08931
430 0.08108
431 0.06773
432 0.08396
433 0.09282
434 0.09165
435 0.08979
436 0.09655
437 0.102
438 0.09894
439 0.09515
440 0.09918
441 0.1036
442 0.1076
443 0.1109
444 0.1113
445 0.1115
446 0.1096
447 0.109
448 0.1155
449 0.117
450 0.1182
451 0.1236
452 0.1243
453 0.1185
454 0.1156
455 0.121
456 0.1219
457 0.1253
458 0.1254
459 0.1225
460 0.1218
461 0.1238
462 0.1258
463 0.1271
464 0.1258
465 0.1231
466 0.1232
467 0.1224
468 0.1218
469 0.1241
470 0.1233
471 0.1216
472 0.1247
473 0.1287
474 0.1271
475 0.13
476 0.13
477 0.1284
478 0.1318
479 0.1319
480 0.1319
481 0.1314
482 0.1325
483 0.1314
484 0.1298
485 0.1284
486 0.1169
487 0.1105
488 0.1198
489 0.1236
490 0.1288
491 0.1308
492 0.1263
493 0.1261
494 0.1278
495 0.1309
496 0.1311
497 0.1308
498 0.1299
499 0.1278
500 0.1278
501 0.1258
502 0.1235
503 0.1262
504 0.1287
505 0.1283
506 0.1332
507 0.1354
508 0.1335
509 0.1317
510 0.1297
511 0.1284
512 0.1311
513 0.1298
514 0.1268
515 0.1253
516 0.1273
517 0.1187
518 0.1117
519 0.1161
520 0.1244
521 0.1268
522 0.1293
523 0.1268
524 0.1292
525 0.1332
526 0.1319
527 0.1209
528 0.1239
529 0.132
530 0.1335
531 0.1355
532 0.1359
533 0.1345
534 0.1328
535 0.1334
536 0.1375
537 0.1345
538 0.1346
539 0.1357
540 0.1327
541 0.1302
542 0.1332
543 0.1349
544 0.1362
545 0.1375
546 0.138
547 0.1382
548 0.1367
549 0.1375
550 0.1393
551 0.1388
552 0.1394
553 0.1393
554 0.1391
555 0.1406
556 0.1401
557 0.1374
558 0.1358
559 0.1342
560 0.1325
561 0.1359
562 0.1373
563 0.1359
564 0.1367
565 0.1372
566 0.1361
567 0.1364
568 0.1389
569 0.138
570 0.1377
571 0.1365
572 0.1369
573 0.1423
574 0.1432
575 0.1421
576 0.1402
577 0.1409
578 0.1413
579 0.1395
580 0.1408
581 0.1422
582 0.143
583 0.1446
584 0.1449
585 0.144
586 0.1415
587 0.1414
588 0.1435
589 0.1382
590 0.1324
591 0.139
592 0.1424
593 0.1429
594 0.1428
595 0.1434
596 0.1429
597 0.1441
598 0.1441
599 0.1429
600 0.1434
601 0.1427
602 0.1411
603 0.1419
604 0.1447
605 0.1454
606 0.1447
607 0.1443
608 0.1439
609 0.1427
610 0.1421
611 0.1423
612 0.1427
613 0.1422
614 0.1406
615 0.1406
616 0.1397
617 0.1372
618 0.1395
619 0.1418
620 0.1428
621 0.1443
622 0.1434
623 0.1427
624 0.1421
625 0.1409
626 0.1406
627 0.1435
628 0.1454
629 0.1457
630 0.1441
631 0.1436
632 0.1417
633 0.1436
634 0.143
635 0.1436
636 0.1437
637 0.1435
638 0.1456
639 0.1457
640 0.143
641 0.142
642 0.1415
643 0.1432
644 0.1429
645 0.1432
646 0.1421
647 0.1425
648 0.1436
649 0.1434
650 0.1392
651 0.1443
652 0.1452
653 0.1433
654 0.1422
655 0.1401
656 0.131
657 0.1205
658 0.1335
659 0.1401
660 0.1407
661 0.142
662 0.143
663 0.1426
664 0.1411
665 0.1416
666 0.1421
667 0.1414
668 0.1411
669 0.1422
670 0.1419
671 0.1415
672 0.141
673 0.1407
674 0.1405
675 0.1404
676 0.1403
677 0.1402
678 0.1401
679 0.14
680 0.1399
681 0.1399
682 0.1399
683 0.1399
684 0.1399
685 0.1399
686 0.1399
687 0.14
688 0.1401
689 0.1404
690 0.1412
691 0.1416
692 0.1409
693 0.1406
694 0.1409
695 0.1402
696 0.1402
697 0.1407
698 0.1389
699 0.1407
700 0.1412
701 0.1393
702 0.1385
703 0.1392
704 0.14
705 0.1415
706 0.1407
707 0.1391
708 0.1393
709 0.1382
710 0.1374
711 0.138
712 0.1362
713 0.1358
714 0.1362
715 0.136
716 0.1356
717 0.1362
718 0.1362
719 0.1345
720 0.1346
721 0.135
722 0.1351
723 0.135
724 0.1357
725 0.1354
726 0.1344
727 0.1348
728 0.1347
729 0.1323
730 0.1318
731 0.1343
732 0.1341
733 0.1341
734 0.1342
735 0.1343
736 0.133
737 0.1326
738 0.1326
739 0.1296
740 0.1299
741 0.1293
742 0.1284
743 0.1304
744 0.1324
745 0.1311
746 0.1326
747 0.1322
748 0.1327
749 0.132
750 0.1306
