# Top-of-atmosphere (TOA) lunar irradiance from Miller and Turner (2009) by 10 nm increments
# First column wavelength (nm), second column TOA irradiance# Phase angle = 10
# Units = mW/m^2-micrometer

300 0.0004372
310 0.0004376
320 0.0006663
330 0.001088
340 0.0009843
350 0.0009128
360 0.00121
370 0.001466
380 0.001283
390 0.001524
400 0.002206
410 0.002313
420 0.002419
430 0.002144
440 0.002629
450 0.003141
460 0.003243
470 0.00329
480 0.003529
490 0.003453
500 0.003433
510 0.003494
520 0.003358
530 0.003611
540 0.0036
550 0.003787
560 0.003611
570 0.003761
580 0.003852
590 0.003633
600 0.003943
610 0.003916
620 0.003945
630 0.003991
640 0.003967
650 0.003873
660 0.003922
670 0.003965
680 0.003919
690 0.003964
700 0.003971
710 0.003873
720 0.003805
730 0.003733
740 0.003689
750 0.003717
