# Top-of-atmosphere (TOA) lunar irradiance from Miller and Turner (2009)
# First column wavelength (nm), second column TOA irradiance# Lunar phase angle: 32
# Irradiance units: mW/m^2-micrometer

300 0.00222
301 0.001652
302 0.002081
303 0.001989
304 0.002815
305 0.002623
306 0.002679
307 0.00248
308 0.002885
309 0.002911
310 0.002224
311 0.002956
312 0.003509
313 0.003049
314 0.003309
315 0.003042
316 0.003134
317 0.002866
318 0.003993
319 0.003073
320 0.003388
321 0.004188
322 0.003324
323 0.003485
324 0.003252
325 0.003899
326 0.004369
327 0.004984
328 0.004841
329 0.004503
330 0.005538
331 0.005115
332 0.005068
333 0.00492
334 0.004717
335 0.005048
336 0.005148
337 0.004077
338 0.004479
339 0.00481
340 0.005012
341 0.005539
342 0.004859
343 0.005409
344 0.00544
345 0.003927
346 0.005362
347 0.004979
348 0.004943
349 0.005156
350 0.004651
351 0.006149
352 0.005491
353 0.004921
354 0.005942
355 0.006326
356 0.005935
357 0.005309
358 0.004824
359 0.003604
360 0.00617
361 0.005823
362 0.005163
363 0.005907
364 0.005581
365 0.006026
366 0.006921
367 0.007372
368 0.007114
369 0.00635
370 0.007477
371 0.006633
372 0.007677
373 0.006346
374 0.005482
375 0.005597
376 0.006731
377 0.00661
378 0.007971
379 0.008563
380 0.006551
381 0.007675
382 0.006981
383 0.00501
384 0.004178
385 0.006062
386 0.006383
387 0.006468
388 0.006322
389 0.006084
390 0.007784
391 0.00797
392 0.009285
393 0.007025
394 0.003062
395 0.007093
396 0.009181
397 0.004883
398 0.005494
399 0.01048
400 0.01128
401 0.01133
402 0.01234
403 0.01254
404 0.01229
405 0.01202
406 0.01169
407 0.01139
408 0.01156
409 0.01173
410 0.01183
411 0.01097
412 0.01142
413 0.01188
414 0.01234
415 0.0124
416 0.01243
417 0.0126
418 0.01236
419 0.01236
420 0.01238
421 0.01269
422 0.01294
423 0.01251
424 0.01236
425 0.01267
426 0.01259
427 0.01255
428 0.01209
429 0.01209
430 0.01098
431 0.009176
432 0.01138
433 0.01258
434 0.01243
435 0.01218
436 0.0131
437 0.01385
438 0.01343
439 0.01292
440 0.01347
441 0.01407
442 0.01462
443 0.01508
444 0.01514
445 0.01516
446 0.01492
447 0.01484
448 0.01572
449 0.01593
450 0.01611
451 0.01685
452 0.01694
453 0.01616
454 0.01577
455 0.01651
456 0.01664
457 0.01711
458 0.01713
459 0.01673
460 0.01664
461 0.01692
462 0.0172
463 0.01739
464 0.01721
465 0.01685
466 0.01687
467 0.01676
468 0.01668
469 0.017
470 0.0169
471 0.01667
472 0.0171
473 0.01765
474 0.01744
475 0.01784
476 0.01785
477 0.01763
478 0.01811
479 0.01812
480 0.01813
481 0.01807
482 0.01822
483 0.01808
484 0.01787
485 0.01767
486 0.0161
487 0.01522
488 0.0165
489 0.01703
490 0.01775
491 0.01803
492 0.01742
493 0.0174
494 0.01763
495 0.01808
496 0.01811
497 0.01806
498 0.01794
499 0.01767
500 0.01766
501 0.0174
502 0.01708
503 0.01746
504 0.01782
505 0.01777
506 0.01844
507 0.01875
508 0.0185
509 0.01825
510 0.01799
511 0.01781
512 0.01819
513 0.01801
514 0.0176
515 0.0174
516 0.01769
517 0.01649
518 0.01553
519 0.01614
520 0.0173
521 0.01764
522 0.01799
523 0.01765
524 0.01799
525 0.01856
526 0.01838
527 0.01685
528 0.01727
529 0.01841
530 0.01861
531 0.01891
532 0.01897
533 0.01878
534 0.01854
535 0.01863
536 0.01921
537 0.0188
538 0.01882
539 0.01897
540 0.01857
541 0.01822
542 0.01865
543 0.01889
544 0.01907
545 0.01927
546 0.01934
547 0.01937
548 0.01917
549 0.01929
550 0.01955
551 0.01947
552 0.01957
553 0.01956
554 0.01953
555 0.01976
556 0.01969
557 0.01931
558 0.0191
559 0.01888
560 0.01865
561 0.01913
562 0.01933
563 0.01914
564 0.01926
565 0.01933
566 0.01919
567 0.01923
568 0.01959
569 0.01946
570 0.01944
571 0.01927
572 0.01933
573 0.02011
574 0.02023
575 0.02008
576 0.01982
577 0.01992
578 0.01999
579 0.01974
580 0.01992
581 0.02013
582 0.02025
583 0.02048
584 0.02053
585 0.02041
586 0.02007
587 0.02006
588 0.02036
589 0.01961
590 0.0188
591 0.01973
592 0.02023
593 0.0203
594 0.0203
595 0.02039
596 0.02033
597 0.0205
598 0.0205
599 0.02034
600 0.02041
601 0.02032
602 0.02011
603 0.02022
604 0.02062
605 0.02073
606 0.02064
607 0.02059
608 0.02054
609 0.02037
610 0.02029
611 0.02033
612 0.02039
613 0.02032
614 0.0201
615 0.02011
616 0.01998
617 0.01964
618 0.01997
619 0.0203
620 0.02045
621 0.02067
622 0.02055
623 0.02045
624 0.02037
625 0.02021
626 0.02017
627 0.02059
628 0.02087
629 0.02091
630 0.0207
631 0.02063
632 0.02037
633 0.02065
634 0.02056
635 0.02066
636 0.02068
637 0.02065
638 0.02097
639 0.02098
640 0.02059
641 0.02046
642 0.0204
643 0.02064
644 0.0206
645 0.02066
646 0.02051
647 0.02056
648 0.02074
649 0.0207
650 0.02012
651 0.02086
652 0.02099
653 0.02071
654 0.02057
655 0.02027
656 0.01896
657 0.01745
658 0.01933
659 0.02029
660 0.02039
661 0.02059
662 0.02073
663 0.02069
664 0.02046
665 0.02054
666 0.02062
667 0.02053
668 0.0205
669 0.02065
670 0.02062
671 0.02057
672 0.0205
673 0.02046
674 0.02044
675 0.02043
676 0.02042
677 0.02041
678 0.0204
679 0.0204
680 0.0204
681 0.0204
682 0.0204
683 0.0204
684 0.02041
685 0.02042
686 0.02043
687 0.02045
688 0.02046
689 0.02052
690 0.02065
691 0.0207
692 0.02062
693 0.02056
694 0.02062
695 0.02053
696 0.02053
697 0.02061
698 0.02035
699 0.02062
700 0.0207
701 0.02043
702 0.02032
703 0.02043
704 0.02055
705 0.02078
706 0.02066
707 0.02043
708 0.02048
709 0.02031
710 0.0202
711 0.0203
712 0.02004
713 0.01998
714 0.02004
715 0.02002
716 0.01997
717 0.02007
718 0.02007
719 0.01983
720 0.01985
721 0.01991
722 0.01994
723 0.01993
724 0.02003
725 0.02
726 0.01985
727 0.01992
728 0.0199
729 0.01956
730 0.01949
731 0.01987
732 0.01984
733 0.01984
734 0.01987
735 0.01989
736 0.0197
737 0.01966
738 0.01965
739 0.01923
740 0.01927
741 0.01918
742 0.01906
743 0.01936
744 0.01966
745 0.01948
746 0.01971
747 0.01965
748 0.01973
749 0.01964
750 0.01943
