# Top-of-atmosphere (TOA) lunar irradiance from Miller and Turner (2009)
# First column wavelength (nm), second column TOA irradiance# Lunar phase angle: 23
# Irradiance units: mW/m^2-micrometer

300 0.001133
301 0.0008429
302 0.001062
303 0.001015
304 0.001437
305 0.001339
306 0.001367
307 0.001265
308 0.001472
309 0.001486
310 0.001135
311 0.001509
312 0.001791
313 0.001556
314 0.001689
315 0.001553
316 0.0016
317 0.001463
318 0.002039
319 0.001569
320 0.00173
321 0.002138
322 0.001697
323 0.001779
324 0.00166
325 0.001991
326 0.002231
327 0.002545
328 0.002472
329 0.0023
330 0.002828
331 0.002612
332 0.002588
333 0.002513
334 0.002409
335 0.002578
336 0.002629
337 0.002083
338 0.002288
339 0.002457
340 0.00256
341 0.002829
342 0.002482
343 0.002763
344 0.002779
345 0.002006
346 0.002739
347 0.002544
348 0.002525
349 0.002635
350 0.002376
351 0.003142
352 0.002806
353 0.002515
354 0.003036
355 0.003233
356 0.003033
357 0.002713
358 0.002466
359 0.001842
360 0.003153
361 0.002976
362 0.002639
363 0.003019
364 0.002853
365 0.00308
366 0.003538
367 0.003768
368 0.003637
369 0.003246
370 0.003822
371 0.003391
372 0.003925
373 0.003244
374 0.002803
375 0.002862
376 0.003441
377 0.00338
378 0.004076
379 0.004378
380 0.00335
381 0.003925
382 0.00357
383 0.002562
384 0.002136
385 0.0031
386 0.003265
387 0.003308
388 0.003234
389 0.003112
390 0.003981
391 0.004077
392 0.004749
393 0.003594
394 0.001566
395 0.003629
396 0.004697
397 0.002498
398 0.002811
399 0.00536
400 0.005769
401 0.005799
402 0.006313
403 0.006416
404 0.006288
405 0.006149
406 0.005981
407 0.005829
408 0.005914
409 0.006001
410 0.006056
411 0.005614
412 0.005847
413 0.006081
414 0.006316
415 0.006345
416 0.006364
417 0.00645
418 0.006326
419 0.006327
420 0.006337
421 0.006497
422 0.006626
423 0.006403
424 0.00633
425 0.006489
426 0.006448
427 0.006425
428 0.006191
429 0.006192
430 0.005623
431 0.004699
432 0.005826
433 0.006444
434 0.006365
435 0.006237
436 0.006709
437 0.007092
438 0.006879
439 0.006618
440 0.006901
441 0.007208
442 0.007488
443 0.007724
444 0.007753
445 0.007767
446 0.007644
447 0.007601
448 0.008055
449 0.008162
450 0.008253
451 0.008632
452 0.008681
453 0.008282
454 0.008079
455 0.008458
456 0.008524
457 0.008766
458 0.008779
459 0.008572
460 0.008528
461 0.008671
462 0.008817
463 0.008912
464 0.008822
465 0.008636
466 0.008647
467 0.008588
468 0.008552
469 0.008715
470 0.008661
471 0.008545
472 0.008766
473 0.009047
474 0.00894
475 0.009147
476 0.009152
477 0.009038
478 0.009286
479 0.009293
480 0.009298
481 0.009264
482 0.009344
483 0.00927
484 0.009162
485 0.009064
486 0.008256
487 0.007808
488 0.008462
489 0.008737
490 0.009105
491 0.009248
492 0.008935
493 0.008925
494 0.009044
495 0.009273
496 0.009288
497 0.009266
498 0.009205
499 0.009064
500 0.009062
501 0.008928
502 0.008762
503 0.00896
504 0.009141
505 0.009116
506 0.009464
507 0.009624
508 0.009495
509 0.009366
510 0.00923
511 0.00914
512 0.009333
513 0.009245
514 0.009034
515 0.008931
516 0.009079
517 0.008464
518 0.00797
519 0.008283
520 0.008878
521 0.009055
522 0.009234
523 0.009061
524 0.009233
525 0.009527
526 0.009435
527 0.008649
528 0.008868
529 0.009451
530 0.009557
531 0.009707
532 0.00974
533 0.009645
534 0.009523
535 0.009566
536 0.009862
537 0.009652
538 0.009665
539 0.009743
540 0.009536
541 0.009359
542 0.009577
543 0.009702
544 0.009797
545 0.009897
546 0.009935
547 0.009951
548 0.009848
549 0.009909
550 0.01004
551 0.01
552 0.01005
553 0.01005
554 0.01004
555 0.01015
556 0.01012
557 0.009922
558 0.009814
559 0.009701
560 0.009583
561 0.009831
562 0.009934
563 0.009834
564 0.009896
565 0.009935
566 0.009862
567 0.009881
568 0.01007
569 0.01
570 0.009991
571 0.009905
572 0.009935
573 0.01034
574 0.0104
575 0.01032
576 0.01019
577 0.01024
578 0.01028
579 0.01015
580 0.01024
581 0.01035
582 0.01041
583 0.01053
584 0.01056
585 0.01049
586 0.01032
587 0.01031
588 0.01047
589 0.01008
590 0.009668
591 0.01015
592 0.0104
593 0.01044
594 0.01044
595 0.01049
596 0.01046
597 0.01054
598 0.01054
599 0.01046
600 0.0105
601 0.01045
602 0.01034
603 0.0104
604 0.01061
605 0.01066
606 0.01062
607 0.0106
608 0.01057
609 0.01048
610 0.01044
611 0.01046
612 0.01049
613 0.01046
614 0.01034
615 0.01035
616 0.01028
617 0.01011
618 0.01028
619 0.01045
620 0.01053
621 0.01064
622 0.01058
623 0.01053
624 0.01048
625 0.0104
626 0.01038
627 0.0106
628 0.01075
629 0.01077
630 0.01066
631 0.01062
632 0.01049
633 0.01063
634 0.01059
635 0.01064
636 0.01065
637 0.01064
638 0.0108
639 0.01081
640 0.0106
641 0.01054
642 0.01051
643 0.01063
644 0.01061
645 0.01064
646 0.01056
647 0.01059
648 0.01068
649 0.01067
650 0.01036
651 0.01074
652 0.01081
653 0.01067
654 0.0106
655 0.01045
656 0.009769
657 0.008989
658 0.00996
659 0.01046
660 0.0105
661 0.01061
662 0.01068
663 0.01066
664 0.01054
665 0.01059
666 0.01063
667 0.01058
668 0.01056
669 0.01064
670 0.01063
671 0.0106
672 0.01056
673 0.01055
674 0.01054
675 0.01053
676 0.01053
677 0.01052
678 0.01052
679 0.01052
680 0.01051
681 0.01052
682 0.01052
683 0.01052
684 0.01052
685 0.01053
686 0.01054
687 0.01054
688 0.01055
689 0.01058
690 0.01065
691 0.01068
692 0.01063
693 0.01061
694 0.01063
695 0.01059
696 0.01059
697 0.01063
698 0.0105
699 0.01064
700 0.01068
701 0.01054
702 0.01048
703 0.01054
704 0.0106
705 0.01072
706 0.01066
707 0.01054
708 0.01057
709 0.01048
710 0.01042
711 0.01047
712 0.01034
713 0.01031
714 0.01034
715 0.01033
716 0.0103
717 0.01036
718 0.01036
719 0.01023
720 0.01025
721 0.01028
722 0.01029
723 0.01029
724 0.01034
725 0.01032
726 0.01025
727 0.01029
728 0.01028
729 0.0101
730 0.01006
731 0.01026
732 0.01024
733 0.01025
734 0.01026
735 0.01027
736 0.01017
737 0.01015
738 0.01015
739 0.009928
740 0.009952
741 0.009906
742 0.009841
743 0.009999
744 0.01016
745 0.01006
746 0.01018
747 0.01015
748 0.01019
749 0.01014
750 0.01004
