# Top-of-atmosphere (TOA) lunar irradiance from Miller and Turner (2009)
# First column wavelength (nm), second column TOA irradiance# Lunar phase angle: 41
# Irradiance units: mW/m^2-micrometer

300 0.004259
301 0.003168
302 0.003991
303 0.003815
304 0.005398
305 0.005029
306 0.005137
307 0.004753
308 0.00553
309 0.00558
310 0.004263
311 0.005665
312 0.006724
313 0.005843
314 0.006341
315 0.005829
316 0.006004
317 0.005491
318 0.007649
319 0.005885
320 0.006489
321 0.00802
322 0.006365
323 0.006673
324 0.006226
325 0.007465
326 0.008365
327 0.009541
328 0.009267
329 0.008619
330 0.0106
331 0.00979
332 0.009698
333 0.009415
334 0.009024
335 0.009657
336 0.009848
337 0.007799
338 0.008567
339 0.0092
340 0.009586
341 0.01059
342 0.009292
343 0.01034
344 0.0104
345 0.007508
346 0.01025
347 0.009518
348 0.009448
349 0.009855
350 0.008889
351 0.01175
352 0.01049
353 0.009402
354 0.01135
355 0.01209
356 0.01134
357 0.01014
358 0.009215
359 0.006883
360 0.01178
361 0.01112
362 0.00986
363 0.01128
364 0.01066
365 0.0115
366 0.01321
367 0.01407
368 0.01358
369 0.01212
370 0.01427
371 0.01266
372 0.01465
373 0.01211
374 0.01046
375 0.01068
376 0.01284
377 0.01261
378 0.0152
379 0.01633
380 0.01249
381 0.01464
382 0.01331
383 0.009552
384 0.007965
385 0.01156
386 0.01217
387 0.01233
388 0.01205
389 0.01159
390 0.01483
391 0.01519
392 0.01769
393 0.01339
394 0.005833
395 0.01351
396 0.01749
397 0.009302
398 0.01046
399 0.01995
400 0.02147
401 0.02158
402 0.02349
403 0.02387
404 0.02339
405 0.02287
406 0.02225
407 0.02168
408 0.022
409 0.02231
410 0.02252
411 0.02087
412 0.02174
413 0.0226
414 0.02348
415 0.02358
416 0.02365
417 0.02397
418 0.0235
419 0.0235
420 0.02354
421 0.02413
422 0.02461
423 0.02378
424 0.0235
425 0.02409
426 0.02394
427 0.02385
428 0.02298
429 0.02298
430 0.02087
431 0.01744
432 0.02162
433 0.02391
434 0.02361
435 0.02313
436 0.02488
437 0.0263
438 0.02551
439 0.02454
440 0.02558
441 0.02672
442 0.02776
443 0.02863
444 0.02873
445 0.02878
446 0.02832
447 0.02816
448 0.02984
449 0.03023
450 0.03057
451 0.03197
452 0.03214
453 0.03066
454 0.02991
455 0.03131
456 0.03155
457 0.03244
458 0.03249
459 0.03172
460 0.03155
461 0.03208
462 0.03262
463 0.03296
464 0.03263
465 0.03194
466 0.03197
467 0.03175
468 0.03162
469 0.03222
470 0.03201
471 0.03158
472 0.0324
473 0.03343
474 0.03303
475 0.03379
476 0.03381
477 0.03338
478 0.0343
479 0.03432
480 0.03433
481 0.0342
482 0.0345
483 0.03422
484 0.03382
485 0.03345
486 0.03047
487 0.02881
488 0.03122
489 0.03223
490 0.03359
491 0.03411
492 0.03295
493 0.03292
494 0.03335
495 0.03419
496 0.03424
497 0.03416
498 0.03393
499 0.03341
500 0.0334
501 0.0329
502 0.03229
503 0.03301
504 0.03368
505 0.03358
506 0.03486
507 0.03544
508 0.03497
509 0.03449
510 0.03398
511 0.03365
512 0.03436
513 0.03403
514 0.03325
515 0.03287
516 0.03341
517 0.03114
518 0.02932
519 0.03047
520 0.03266
521 0.0333
522 0.03396
523 0.03332
524 0.03395
525 0.03502
526 0.03468
527 0.03179
528 0.03259
529 0.03473
530 0.03512
531 0.03567
532 0.03578
533 0.03543
534 0.03498
535 0.03513
536 0.03622
537 0.03544
538 0.03549
539 0.03577
540 0.03501
541 0.03435
542 0.03515
543 0.0356
544 0.03595
545 0.03631
546 0.03645
547 0.0365
548 0.03612
549 0.03634
550 0.03682
551 0.03668
552 0.03686
553 0.03685
554 0.03679
555 0.03721
556 0.03708
557 0.03636
558 0.03596
559 0.03554
560 0.03511
561 0.03601
562 0.03639
563 0.03602
564 0.03624
565 0.03638
566 0.03611
567 0.03618
568 0.03686
569 0.03662
570 0.03657
571 0.03625
572 0.03636
573 0.03782
574 0.03805
575 0.03777
576 0.03726
577 0.03746
578 0.03758
579 0.03712
580 0.03745
581 0.03784
582 0.03807
583 0.0385
584 0.03858
585 0.03835
586 0.03771
587 0.03769
588 0.03825
589 0.03683
590 0.03531
591 0.03707
592 0.03799
593 0.03812
594 0.03812
595 0.03829
596 0.03817
597 0.03848
598 0.03849
599 0.03819
600 0.03832
601 0.03814
602 0.03774
603 0.03795
604 0.0387
605 0.0389
606 0.03873
607 0.03864
608 0.03853
609 0.03822
610 0.03806
611 0.03813
612 0.03825
613 0.03812
614 0.03769
615 0.03771
616 0.03747
617 0.03682
618 0.03744
619 0.03805
620 0.03834
621 0.03874
622 0.03852
623 0.03833
624 0.03817
625 0.03788
626 0.03779
627 0.03859
628 0.03911
629 0.03918
630 0.03878
631 0.03865
632 0.03815
633 0.03867
634 0.03851
635 0.03869
636 0.03872
637 0.03867
638 0.03925
639 0.03928
640 0.03855
641 0.03829
642 0.03818
643 0.03864
644 0.03856
645 0.03866
646 0.03837
647 0.03847
648 0.03879
649 0.03873
650 0.03763
651 0.03901
652 0.03926
653 0.03874
654 0.03847
655 0.03791
656 0.03545
657 0.03262
658 0.03614
659 0.03793
660 0.03811
661 0.03848
662 0.03874
663 0.03866
664 0.03824
665 0.03839
666 0.03853
667 0.03835
668 0.03829
669 0.03858
670 0.03852
671 0.03842
672 0.03828
673 0.03821
674 0.03817
675 0.03815
676 0.03812
677 0.0381
678 0.03809
679 0.03808
680 0.03807
681 0.03807
682 0.03807
683 0.03807
684 0.03808
685 0.0381
686 0.03812
687 0.03814
688 0.03817
689 0.03827
690 0.03851
691 0.03861
692 0.03845
693 0.03835
694 0.03845
695 0.03827
696 0.03827
697 0.03842
698 0.03794
699 0.03843
700 0.03857
701 0.03808
702 0.03787
703 0.03807
704 0.03828
705 0.03871
706 0.0385
707 0.03807
708 0.03815
709 0.03784
710 0.03762
711 0.0378
712 0.03732
713 0.03721
714 0.03732
715 0.03728
716 0.03717
717 0.03737
718 0.03736
719 0.0369
720 0.03695
721 0.03705
722 0.0371
723 0.03709
724 0.03728
725 0.03721
726 0.03693
727 0.03707
728 0.03703
729 0.03637
730 0.03625
731 0.03695
732 0.0369
733 0.0369
734 0.03694
735 0.03698
736 0.03662
737 0.03654
738 0.03653
739 0.03573
740 0.03582
741 0.03565
742 0.03541
743 0.03598
744 0.03654
745 0.03619
746 0.03661
747 0.0365
748 0.03666
749 0.03648
750 0.03609
