# Top-of-atmosphere (TOA) lunar irradiance from Miller and Turner (2009)
# First column wavelength (nm), second column TOA irradiance# Lunar phase angle: 56
# Irradiance units: mW/m^2-micrometer

300 0.01126
301 0.008374
302 0.01055
303 0.01008
304 0.01426
305 0.01329
306 0.01357
307 0.01255
308 0.0146
309 0.01473
310 0.01125
311 0.01495
312 0.01775
313 0.01542
314 0.01673
315 0.01538
316 0.01584
317 0.01448
318 0.02017
319 0.01552
320 0.0171
321 0.02114
322 0.01677
323 0.01758
324 0.0164
325 0.01966
326 0.02203
327 0.02512
328 0.0244
329 0.02269
330 0.02789
331 0.02576
332 0.02552
333 0.02477
334 0.02374
335 0.0254
336 0.0259
337 0.02051
338 0.02252
339 0.02418
340 0.02519
341 0.02783
342 0.02441
343 0.02717
344 0.02732
345 0.01972
346 0.02692
347 0.02499
348 0.0248
349 0.02587
350 0.02332
351 0.03083
352 0.02752
353 0.02466
354 0.02977
355 0.03169
356 0.02972
357 0.02658
358 0.02415
359 0.01804
360 0.03087
361 0.02913
362 0.02583
363 0.02954
364 0.0279
365 0.03012
366 0.03459
367 0.03683
368 0.03553
369 0.03171
370 0.03733
371 0.03311
372 0.03831
373 0.03166
374 0.02735
375 0.02791
376 0.03356
377 0.03295
378 0.03973
379 0.04267
380 0.03264
381 0.03823
382 0.03476
383 0.02494
384 0.02079
385 0.03017
386 0.03176
387 0.03217
388 0.03144
389 0.03025
390 0.03869
391 0.03961
392 0.04613
393 0.0349
394 0.01521
395 0.03522
396 0.04558
397 0.02424
398 0.02726
399 0.05197
400 0.05593
401 0.05621
402 0.06117
403 0.06215
404 0.0609
405 0.05954
406 0.05789
407 0.05641
408 0.05722
409 0.05804
410 0.05856
411 0.05428
412 0.05651
413 0.05876
414 0.06102
415 0.06128
416 0.06145
417 0.06227
418 0.06105
419 0.06105
420 0.06113
421 0.06265
422 0.06389
423 0.06172
424 0.061
425 0.06252
426 0.0621
427 0.06187
428 0.0596
429 0.0596
430 0.05411
431 0.0452
432 0.05604
433 0.06196
434 0.06118
435 0.05994
436 0.06446
437 0.06812
438 0.06606
439 0.06354
440 0.06624
441 0.06917
442 0.07184
443 0.07409
444 0.07435
445 0.07446
446 0.07326
447 0.07284
448 0.07716
449 0.07817
450 0.07902
451 0.08263
452 0.08307
453 0.07923
454 0.07727
455 0.08088
456 0.0815
457 0.08378
458 0.08389
459 0.08189
460 0.08145
461 0.0828
462 0.08417
463 0.08505
464 0.08417
465 0.08238
466 0.08246
467 0.08188
468 0.08152
469 0.08305
470 0.08251
471 0.08139
472 0.08348
473 0.08613
474 0.08509
475 0.08703
476 0.08706
477 0.08596
478 0.08829
479 0.08834
480 0.08836
481 0.08802
482 0.08876
483 0.08803
484 0.08698
485 0.08603
486 0.07835
487 0.07408
488 0.08026
489 0.08285
490 0.08632
491 0.08765
492 0.08466
493 0.08455
494 0.08565
495 0.0878
496 0.08792
497 0.08769
498 0.08709
499 0.08574
500 0.08569
501 0.08441
502 0.08282
503 0.08467
504 0.08636
505 0.0861
506 0.08937
507 0.09085
508 0.08961
509 0.08837
510 0.08707
511 0.0862
512 0.088
513 0.08715
514 0.08513
515 0.08415
516 0.08552
517 0.07971
518 0.07504
519 0.07796
520 0.08354
521 0.08518
522 0.08685
523 0.0852
524 0.0868
525 0.08953
526 0.08865
527 0.08125
528 0.08328
529 0.08873
530 0.08971
531 0.0911
532 0.09138
533 0.09046
534 0.0893
535 0.08968
536 0.09244
537 0.09044
538 0.09054
539 0.09125
540 0.08929
541 0.08761
542 0.08963
543 0.09077
544 0.09164
545 0.09255
546 0.09288
547 0.09301
548 0.09202
549 0.09258
550 0.09379
551 0.09342
552 0.09386
553 0.09381
554 0.09364
555 0.0947
556 0.09434
557 0.09251
558 0.09149
559 0.0904
560 0.08929
561 0.09157
562 0.09251
563 0.09155
564 0.09211
565 0.09245
566 0.09175
567 0.0919
568 0.09363
569 0.09299
570 0.09285
571 0.09203
572 0.09229
573 0.09598
574 0.09655
575 0.09584
576 0.09453
577 0.09503
578 0.09532
579 0.09413
580 0.09496
581 0.09592
582 0.09649
583 0.09757
584 0.09777
585 0.09717
586 0.09553
587 0.09545
588 0.09687
589 0.09327
590 0.08941
591 0.09382
592 0.09615
593 0.09648
594 0.09644
595 0.09687
596 0.09655
597 0.09732
598 0.09732
599 0.09654
600 0.09688
601 0.09639
602 0.09537
603 0.0959
604 0.09777
605 0.09825
606 0.09782
607 0.09757
608 0.09729
609 0.09649
610 0.09608
611 0.09624
612 0.09651
613 0.09617
614 0.09508
615 0.09512
616 0.09448
617 0.09283
618 0.09439
619 0.09591
620 0.09662
621 0.09762
622 0.09706
623 0.09657
624 0.09614
625 0.09539
626 0.09516
627 0.09715
628 0.09845
629 0.09861
630 0.0976
631 0.09725
632 0.09597
633 0.09727
634 0.09685
635 0.09729
636 0.09736
637 0.09721
638 0.09867
639 0.09872
640 0.09686
641 0.09621
642 0.09592
643 0.09704
644 0.09683
645 0.09707
646 0.09634
647 0.09657
648 0.09736
649 0.09719
650 0.09442
651 0.09786
652 0.09847
653 0.09715
654 0.09646
655 0.09505
656 0.08888
657 0.08175
658 0.09057
659 0.09505
660 0.09547
661 0.09638
662 0.09704
663 0.0968
664 0.09574
665 0.0961
666 0.09643
667 0.09598
668 0.09582
669 0.09653
670 0.09637
671 0.0961
672 0.09573
673 0.09553
674 0.09544
675 0.09535
676 0.09528
677 0.09522
678 0.09516
679 0.09512
680 0.09509
681 0.09507
682 0.09506
683 0.09506
684 0.09507
685 0.0951
686 0.09513
687 0.09518
688 0.09523
689 0.09546
690 0.09604
691 0.09628
692 0.09586
693 0.0956
694 0.09584
695 0.09538
696 0.09537
697 0.09573
698 0.09451
699 0.09573
700 0.09606
701 0.09483
702 0.09429
703 0.09476
704 0.09529
705 0.09634
706 0.09579
707 0.09471
708 0.09488
709 0.09411
710 0.09355
711 0.09399
712 0.09277
713 0.09248
714 0.09275
715 0.09263
716 0.09236
717 0.09282
718 0.09278
719 0.09164
720 0.09175
721 0.09198
722 0.09209
723 0.09204
724 0.0925
725 0.09233
726 0.09162
727 0.09194
728 0.09182
729 0.09019
730 0.08987
731 0.09159
732 0.09145
733 0.09145
734 0.09152
735 0.09161
736 0.09071
737 0.09051
738 0.09045
739 0.08848
740 0.08867
741 0.08824
742 0.08764
743 0.08903
744 0.0904
745 0.08953
746 0.09055
747 0.09026
748 0.09064
749 0.09018
750 0.08922
