# Top-of-atmosphere (TOA) lunar irradiance from Miller and Turner (2009)
# First column wavelength (nm), second column TOA irradiance# Lunar phase angle: 39
# Irradiance units: mW/m^2-micrometer

300 0.003706
301 0.002757
302 0.003473
303 0.00332
304 0.004698
305 0.004377
306 0.00447
307 0.004137
308 0.004813
309 0.004857
310 0.00371
311 0.004931
312 0.005853
313 0.005086
314 0.00552
315 0.005074
316 0.005227
317 0.004779
318 0.006658
319 0.005123
320 0.005649
321 0.006981
322 0.005541
323 0.00581
324 0.00542
325 0.006499
326 0.007282
327 0.008306
328 0.008068
329 0.007504
330 0.009228
331 0.008524
332 0.008444
333 0.008198
334 0.007858
335 0.008409
336 0.008576
337 0.006792
338 0.00746
339 0.008012
340 0.008347
341 0.009224
342 0.008092
343 0.009007
344 0.009059
345 0.006538
346 0.008927
347 0.00829
348 0.008228
349 0.008584
350 0.007742
351 0.01024
352 0.009139
353 0.00819
354 0.009888
355 0.01053
356 0.009876
357 0.008833
358 0.008027
359 0.005996
360 0.01026
361 0.009686
362 0.008589
363 0.009825
364 0.009283
365 0.01002
366 0.01151
367 0.01226
368 0.01183
369 0.01056
370 0.01243
371 0.01103
372 0.01276
373 0.01055
374 0.009113
375 0.009303
376 0.01119
377 0.01099
378 0.01325
379 0.01423
380 0.01089
381 0.01275
382 0.0116
383 0.008324
384 0.006941
385 0.01007
386 0.0106
387 0.01074
388 0.0105
389 0.01011
390 0.01293
391 0.01324
392 0.01542
393 0.01167
394 0.005084
395 0.01178
396 0.01524
397 0.008108
398 0.00912
399 0.01739
400 0.01872
401 0.01881
402 0.02048
403 0.02081
404 0.02039
405 0.01994
406 0.01939
407 0.0189
408 0.01918
409 0.01945
410 0.01963
411 0.0182
412 0.01895
413 0.01971
414 0.02047
415 0.02056
416 0.02062
417 0.0209
418 0.02049
419 0.0205
420 0.02053
421 0.02104
422 0.02146
423 0.02074
424 0.0205
425 0.02101
426 0.02087
427 0.0208
428 0.02004
429 0.02004
430 0.0182
431 0.01521
432 0.01885
433 0.02085
434 0.02059
435 0.02018
436 0.0217
437 0.02294
438 0.02225
439 0.0214
440 0.02232
441 0.02331
442 0.02421
443 0.02497
444 0.02506
445 0.02511
446 0.02471
447 0.02457
448 0.02603
449 0.02638
450 0.02667
451 0.02789
452 0.02804
453 0.02675
454 0.02609
455 0.02732
456 0.02753
457 0.02831
458 0.02835
459 0.02768
460 0.02753
461 0.02799
462 0.02846
463 0.02876
464 0.02847
465 0.02787
466 0.0279
467 0.02771
468 0.02759
469 0.02812
470 0.02794
471 0.02756
472 0.02827
473 0.02918
474 0.02883
475 0.02949
476 0.02951
477 0.02914
478 0.02993
479 0.02996
480 0.02997
481 0.02986
482 0.03011
483 0.02987
484 0.02952
485 0.0292
486 0.0266
487 0.02515
488 0.02726
489 0.02814
490 0.02932
491 0.02978
492 0.02877
493 0.02874
494 0.02912
495 0.02985
496 0.0299
497 0.02982
498 0.02962
499 0.02917
500 0.02916
501 0.02873
502 0.02819
503 0.02883
504 0.02941
505 0.02932
506 0.03044
507 0.03095
508 0.03053
509 0.03012
510 0.02968
511 0.02939
512 0.03
513 0.02972
514 0.02904
515 0.02871
516 0.02918
517 0.0272
518 0.02561
519 0.02661
520 0.02852
521 0.02909
522 0.02966
523 0.0291
524 0.02965
525 0.03059
526 0.0303
527 0.02777
528 0.02847
529 0.03034
530 0.03068
531 0.03116
532 0.03126
533 0.03095
534 0.03056
535 0.03069
536 0.03164
537 0.03097
538 0.03101
539 0.03125
540 0.03059
541 0.03002
542 0.03071
543 0.03111
544 0.03141
545 0.03173
546 0.03185
547 0.0319
548 0.03157
549 0.03176
550 0.03218
551 0.03206
552 0.03222
553 0.03221
554 0.03215
555 0.03252
556 0.0324
557 0.03178
558 0.03143
559 0.03107
560 0.03069
561 0.03148
562 0.03181
563 0.03148
564 0.03168
565 0.0318
566 0.03156
567 0.03162
568 0.03222
569 0.03201
570 0.03197
571 0.03169
572 0.03178
573 0.03306
574 0.03326
575 0.03302
576 0.03258
577 0.03275
578 0.03286
579 0.03246
580 0.03275
581 0.03308
582 0.03328
583 0.03366
584 0.03374
585 0.03353
586 0.03298
587 0.03295
588 0.03345
589 0.03221
590 0.03088
591 0.03241
592 0.03322
593 0.03334
594 0.03333
595 0.03349
596 0.03338
597 0.03366
598 0.03366
599 0.0334
600 0.03352
601 0.03336
602 0.03301
603 0.0332
604 0.03385
605 0.03402
606 0.03388
607 0.0338
608 0.03371
609 0.03344
610 0.0333
611 0.03336
612 0.03346
613 0.03335
614 0.03297
615 0.03299
616 0.03278
617 0.03221
618 0.03276
619 0.03329
620 0.03354
621 0.03389
622 0.0337
623 0.03354
624 0.0334
625 0.03314
626 0.03307
627 0.03376
628 0.03422
629 0.03428
630 0.03394
631 0.03382
632 0.03338
633 0.03384
634 0.0337
635 0.03386
636 0.03389
637 0.03384
638 0.03435
639 0.03438
640 0.03374
641 0.03351
642 0.03342
643 0.03382
644 0.03375
645 0.03384
646 0.03359
647 0.03368
648 0.03396
649 0.0339
650 0.03294
651 0.03415
652 0.03437
653 0.03391
654 0.03368
655 0.03319
656 0.03104
657 0.02856
658 0.03164
659 0.03321
660 0.03336
661 0.03369
662 0.03392
663 0.03385
664 0.03348
665 0.03361
666 0.03373
667 0.03358
668 0.03353
669 0.03378
670 0.03373
671 0.03364
672 0.03352
673 0.03346
674 0.03343
675 0.03341
676 0.03338
677 0.03337
678 0.03336
679 0.03335
680 0.03334
681 0.03334
682 0.03334
683 0.03335
684 0.03336
685 0.03337
686 0.03339
687 0.03341
688 0.03343
689 0.03352
690 0.03373
691 0.03382
692 0.03368
693 0.03359
694 0.03368
695 0.03353
696 0.03353
697 0.03366
698 0.03324
699 0.03367
700 0.03379
701 0.03337
702 0.03318
703 0.03335
704 0.03354
705 0.03392
706 0.03373
707 0.03336
708 0.03342
709 0.03316
710 0.03296
711 0.03312
712 0.0327
713 0.0326
714 0.0327
715 0.03267
716 0.03258
717 0.03275
718 0.03274
719 0.03234
720 0.03238
721 0.03247
722 0.03252
723 0.0325
724 0.03267
725 0.03262
726 0.03237
727 0.03249
728 0.03245
729 0.03188
730 0.03177
731 0.03239
732 0.03234
733 0.03235
734 0.03238
735 0.03242
736 0.0321
737 0.03203
738 0.03202
739 0.03133
740 0.0314
741 0.03125
742 0.03105
743 0.03154
744 0.03203
745 0.03173
746 0.0321
747 0.032
748 0.03214
749 0.03198
750 0.03165
