# Top-of-atmosphere (TOA) lunar irradiance from Miller and Turner (2009) by 10 nm increments
# First column wavelength (nm), second column TOA irradiance# Phase angle = 73
# Units = mW/m^2-micrometer

300 0.02837
310 0.02831
320 0.04297
330 0.06998
340 0.0631
350 0.05833
360 0.0771
370 0.09309
380 0.08125
390 0.09619
400 0.1388
410 0.1451
420 0.1513
430 0.1337
440 0.1634
450 0.1947
460 0.2003
470 0.2027
480 0.2167
490 0.2114
500 0.2095
510 0.2125
520 0.2036
530 0.2183
540 0.217
550 0.2276
560 0.2163
570 0.2246
580 0.2294
590 0.2156
600 0.2333
610 0.231
620 0.232
630 0.234
640 0.2319
650 0.2257
660 0.2278
670 0.2296
680 0.2262
690 0.2282
700 0.2279
710 0.2216
720 0.217
730 0.2122
740 0.2091
750 0.21
