# Top-of-atmosphere (TOA) lunar irradiance from Miller and Turner (2009)
# First column wavelength (nm), second column TOA irradiance# Lunar phase angle: 14
# Irradiance units: mW/m^2-micrometer

300 0.0005846
301 0.0004349
302 0.0005479
303 0.0005238
304 0.0007412
305 0.0006906
306 0.0007054
307 0.0006528
308 0.0007595
309 0.0007664
310 0.0005855
311 0.0007782
312 0.0009237
313 0.0008026
314 0.0008711
315 0.0008008
316 0.0008249
317 0.0007544
318 0.001051
319 0.0008087
320 0.0008917
321 0.001102
322 0.0008747
323 0.0009171
324 0.0008557
325 0.001026
326 0.00115
327 0.001311
328 0.001274
329 0.001185
330 0.001457
331 0.001346
332 0.001333
333 0.001294
334 0.001241
335 0.001328
336 0.001354
337 0.001073
338 0.001178
339 0.001265
340 0.001318
341 0.001457
342 0.001278
343 0.001423
344 0.001431
345 0.001033
346 0.00141
347 0.00131
348 0.0013
349 0.001356
350 0.001223
351 0.001617
352 0.001444
353 0.001294
354 0.001562
355 0.001663
356 0.00156
357 0.001396
358 0.001268
359 0.0009475
360 0.001622
361 0.001531
362 0.001357
363 0.001553
364 0.001467
365 0.001584
366 0.001819
367 0.001938
368 0.00187
369 0.001669
370 0.001965
371 0.001743
372 0.002018
373 0.001668
374 0.001441
375 0.001471
376 0.001769
377 0.001737
378 0.002095
379 0.00225
380 0.001721
381 0.002017
382 0.001834
383 0.001316
384 0.001098
385 0.001593
386 0.001677
387 0.001699
388 0.001661
389 0.001598
390 0.002045
391 0.002094
392 0.002439
393 0.001845
394 0.0008043
395 0.001863
396 0.002412
397 0.001283
398 0.001443
399 0.002752
400 0.002961
401 0.002977
402 0.00324
403 0.003293
404 0.003227
405 0.003155
406 0.003069
407 0.002991
408 0.003035
409 0.003079
410 0.003107
411 0.00288
412 0.002999
413 0.003119
414 0.00324
415 0.003254
416 0.003264
417 0.003308
418 0.003244
419 0.003244
420 0.003249
421 0.003331
422 0.003397
423 0.003283
424 0.003245
425 0.003326
426 0.003305
427 0.003293
428 0.003173
429 0.003174
430 0.002882
431 0.002408
432 0.002986
433 0.003302
434 0.003261
435 0.003196
436 0.003437
437 0.003633
438 0.003524
439 0.00339
440 0.003535
441 0.003692
442 0.003835
443 0.003956
444 0.003971
445 0.003977
446 0.003914
447 0.003892
448 0.004124
449 0.004179
450 0.004225
451 0.004419
452 0.004444
453 0.004239
454 0.004135
455 0.004329
456 0.004363
457 0.004486
458 0.004492
459 0.004386
460 0.004364
461 0.004437
462 0.004511
463 0.004559
464 0.004513
465 0.004418
466 0.004423
467 0.004393
468 0.004374
469 0.004457
470 0.004429
471 0.00437
472 0.004483
473 0.004626
474 0.004571
475 0.004676
476 0.004679
477 0.00462
478 0.004747
479 0.00475
480 0.004752
481 0.004735
482 0.004776
483 0.004738
484 0.004682
485 0.004632
486 0.004219
487 0.00399
488 0.004323
489 0.004464
490 0.004652
491 0.004724
492 0.004564
493 0.004559
494 0.004619
495 0.004736
496 0.004743
497 0.004732
498 0.0047
499 0.004628
500 0.004627
501 0.004559
502 0.004473
503 0.004574
504 0.004667
505 0.004653
506 0.004831
507 0.004912
508 0.004846
509 0.00478
510 0.00471
511 0.004664
512 0.004762
513 0.004717
514 0.004609
515 0.004557
516 0.004632
517 0.004318
518 0.004066
519 0.004225
520 0.004529
521 0.004618
522 0.00471
523 0.004621
524 0.004709
525 0.004858
526 0.004811
527 0.00441
528 0.004521
529 0.004818
530 0.004872
531 0.004948
532 0.004965
533 0.004916
534 0.004854
535 0.004875
536 0.005026
537 0.004919
538 0.004925
539 0.004964
540 0.004859
541 0.004769
542 0.004879
543 0.004942
544 0.004991
545 0.005041
546 0.00506
547 0.005068
548 0.005016
549 0.005047
550 0.005113
551 0.005094
552 0.005119
553 0.005118
554 0.00511
555 0.005169
556 0.00515
557 0.005051
558 0.004996
559 0.004938
560 0.004878
561 0.005003
562 0.005056
563 0.005004
564 0.005036
565 0.005055
566 0.005018
567 0.005027
568 0.005123
569 0.005089
570 0.005082
571 0.005038
572 0.005053
573 0.005257
574 0.005289
575 0.005251
576 0.00518
577 0.005209
578 0.005226
579 0.005162
580 0.005208
581 0.005262
582 0.005294
583 0.005354
584 0.005366
585 0.005334
586 0.005245
587 0.005242
588 0.005321
589 0.005124
590 0.004913
591 0.005157
592 0.005286
593 0.005304
594 0.005304
595 0.005328
596 0.005311
597 0.005355
598 0.005356
599 0.005314
600 0.005334
601 0.005308
602 0.005253
603 0.005283
604 0.005387
605 0.005415
606 0.005392
607 0.005379
608 0.005365
609 0.005322
610 0.0053
611 0.00531
612 0.005326
613 0.005308
614 0.005249
615 0.005253
616 0.005218
617 0.005128
618 0.005215
619 0.0053
620 0.005341
621 0.005397
622 0.005367
623 0.005341
624 0.005318
625 0.005277
626 0.005266
627 0.005377
628 0.00545
629 0.00546
630 0.005405
631 0.005387
632 0.005317
633 0.00539
634 0.005368
635 0.005393
636 0.005398
637 0.005391
638 0.005473
639 0.005477
640 0.005375
641 0.00534
642 0.005325
643 0.005388
644 0.005377
645 0.005392
646 0.005352
647 0.005366
648 0.005411
649 0.005403
650 0.005249
651 0.005442
652 0.005477
653 0.005405
654 0.005367
655 0.00529
656 0.004947
657 0.004552
658 0.005043
659 0.005294
660 0.005318
661 0.00537
662 0.005408
663 0.005396
664 0.005337
665 0.005358
666 0.005378
667 0.005354
668 0.005346
669 0.005387
670 0.005379
671 0.005365
672 0.005345
673 0.005335
674 0.005331
675 0.005327
676 0.005324
677 0.005322
678 0.00532
679 0.005319
680 0.005318
681 0.005318
682 0.005318
683 0.005319
684 0.005321
685 0.005323
686 0.005326
687 0.00533
688 0.005334
689 0.005348
690 0.005382
691 0.005396
692 0.005374
693 0.00536
694 0.005374
695 0.00535
696 0.00535
697 0.005371
698 0.005304
699 0.005374
700 0.005393
701 0.005325
702 0.005296
703 0.005323
704 0.005354
705 0.005414
706 0.005384
707 0.005324
708 0.005335
709 0.005293
710 0.005262
711 0.005288
712 0.00522
713 0.005205
714 0.005222
715 0.005216
716 0.005201
717 0.005229
718 0.005227
719 0.005164
720 0.005171
721 0.005185
722 0.005193
723 0.005191
724 0.005218
725 0.005209
726 0.00517
727 0.005189
728 0.005183
729 0.005092
730 0.005075
731 0.005173
732 0.005166
733 0.005167
734 0.005172
735 0.005179
736 0.005129
737 0.005118
738 0.005116
739 0.005005
740 0.005017
741 0.004994
742 0.004961
743 0.00504
744 0.005119
745 0.005071
746 0.00513
747 0.005114
748 0.005136
749 0.005111
750 0.005058
