# Top-of-atmosphere (TOA) lunar irradiance from Miller and Turner (2009)
# First column wavelength (nm), second column TOA irradiance# Lunar phase angle: 28
# Irradiance units: mW/m^2-micrometer

300 0.00165
301 0.001228
302 0.001547
303 0.001479
304 0.002092
305 0.00195
306 0.001991
307 0.001843
308 0.002145
309 0.002164
310 0.001653
311 0.002197
312 0.002608
313 0.002267
314 0.00246
315 0.002262
316 0.00233
317 0.002131
318 0.002969
319 0.002284
320 0.002519
321 0.003113
322 0.002471
323 0.002591
324 0.002418
325 0.002899
326 0.003249
327 0.003706
328 0.0036
329 0.003349
330 0.004118
331 0.003804
332 0.003769
333 0.003659
334 0.003508
335 0.003754
336 0.003829
337 0.003032
338 0.003331
339 0.003578
340 0.003728
341 0.00412
342 0.003614
343 0.004024
344 0.004047
345 0.002921
346 0.003989
347 0.003704
348 0.003677
349 0.003836
350 0.00346
351 0.004575
352 0.004085
353 0.003661
354 0.004421
355 0.004706
356 0.004415
357 0.00395
358 0.003589
359 0.002681
360 0.004591
361 0.004332
362 0.003842
363 0.004395
364 0.004153
365 0.004484
366 0.00515
367 0.005486
368 0.005294
369 0.004726
370 0.005564
371 0.004936
372 0.005713
373 0.004723
374 0.00408
375 0.004165
376 0.00501
377 0.00492
378 0.005933
379 0.006373
380 0.004876
381 0.005713
382 0.005196
383 0.003729
384 0.00311
385 0.004513
386 0.004752
387 0.004815
388 0.004706
389 0.004529
390 0.005795
391 0.005933
392 0.006913
393 0.005231
394 0.00228
395 0.005281
396 0.006836
397 0.003636
398 0.00409
399 0.007801
400 0.008396
401 0.00844
402 0.009188
403 0.009338
404 0.009151
405 0.008948
406 0.008704
407 0.008482
408 0.008607
409 0.008732
410 0.008813
411 0.00817
412 0.008508
413 0.008848
414 0.009191
415 0.009233
416 0.009261
417 0.009386
418 0.009205
419 0.009206
420 0.009221
421 0.009453
422 0.009642
423 0.009317
424 0.009211
425 0.009442
426 0.009382
427 0.009349
428 0.009008
429 0.009009
430 0.008182
431 0.006836
432 0.008477
433 0.009375
434 0.00926
435 0.009074
436 0.009761
437 0.01032
438 0.01001
439 0.009629
440 0.01004
441 0.01049
442 0.01089
443 0.01124
444 0.01128
445 0.0113
446 0.01112
447 0.01106
448 0.01172
449 0.01187
450 0.01201
451 0.01256
452 0.01263
453 0.01205
454 0.01175
455 0.0123
456 0.0124
457 0.01275
458 0.01277
459 0.01247
460 0.01241
461 0.01261
462 0.01283
463 0.01296
464 0.01283
465 0.01256
466 0.01258
467 0.01249
468 0.01244
469 0.01268
470 0.0126
471 0.01243
472 0.01275
473 0.01316
474 0.013
475 0.0133
476 0.01331
477 0.01314
478 0.01351
479 0.01352
480 0.01352
481 0.01347
482 0.01359
483 0.01348
484 0.01332
485 0.01318
486 0.01201
487 0.01136
488 0.01231
489 0.01271
490 0.01324
491 0.01345
492 0.01299
493 0.01298
494 0.01315
495 0.01348
496 0.01351
497 0.01347
498 0.01338
499 0.01318
500 0.01318
501 0.01298
502 0.01274
503 0.01303
504 0.01329
505 0.01326
506 0.01376
507 0.01399
508 0.01381
509 0.01362
510 0.01342
511 0.01329
512 0.01357
513 0.01344
514 0.01314
515 0.01299
516 0.0132
517 0.01231
518 0.01159
519 0.01204
520 0.01291
521 0.01317
522 0.01343
523 0.01317
524 0.01342
525 0.01385
526 0.01372
527 0.01257
528 0.01289
529 0.01374
530 0.01389
531 0.01411
532 0.01416
533 0.01402
534 0.01384
535 0.01391
536 0.01434
537 0.01403
538 0.01405
539 0.01416
540 0.01386
541 0.01361
542 0.01392
543 0.0141
544 0.01424
545 0.01439
546 0.01444
547 0.01446
548 0.01431
549 0.0144
550 0.0146
551 0.01454
552 0.01461
553 0.01461
554 0.01459
555 0.01476
556 0.0147
557 0.01442
558 0.01426
559 0.0141
560 0.01393
561 0.01429
562 0.01444
563 0.01429
564 0.01438
565 0.01444
566 0.01433
567 0.01436
568 0.01463
569 0.01454
570 0.01452
571 0.01439
572 0.01444
573 0.01502
574 0.01511
575 0.015
576 0.0148
577 0.01489
578 0.01493
579 0.01475
580 0.01488
581 0.01504
582 0.01513
583 0.0153
584 0.01534
585 0.01525
586 0.015
587 0.01499
588 0.01521
589 0.01465
590 0.01405
591 0.01475
592 0.01512
593 0.01517
594 0.01517
595 0.01524
596 0.01519
597 0.01532
598 0.01532
599 0.0152
600 0.01526
601 0.01519
602 0.01503
603 0.01512
604 0.01541
605 0.01549
606 0.01543
607 0.01539
608 0.01535
609 0.01523
610 0.01517
611 0.0152
612 0.01524
613 0.01519
614 0.01503
615 0.01504
616 0.01494
617 0.01468
618 0.01493
619 0.01518
620 0.01529
621 0.01545
622 0.01537
623 0.01529
624 0.01523
625 0.01511
626 0.01508
627 0.0154
628 0.01561
629 0.01564
630 0.01548
631 0.01543
632 0.01523
633 0.01544
634 0.01538
635 0.01545
636 0.01547
637 0.01545
638 0.01568
639 0.0157
640 0.0154
641 0.0153
642 0.01526
643 0.01544
644 0.01541
645 0.01545
646 0.01534
647 0.01538
648 0.01551
649 0.01549
650 0.01505
651 0.0156
652 0.0157
653 0.0155
654 0.01539
655 0.01517
656 0.01419
657 0.01305
658 0.01446
659 0.01518
660 0.01525
661 0.0154
662 0.01551
663 0.01548
664 0.01531
665 0.01537
666 0.01543
667 0.01536
668 0.01534
669 0.01546
670 0.01544
671 0.0154
672 0.01534
673 0.01531
674 0.0153
675 0.01529
676 0.01528
677 0.01528
678 0.01527
679 0.01527
680 0.01527
681 0.01527
682 0.01527
683 0.01527
684 0.01528
685 0.01529
686 0.0153
687 0.01531
688 0.01532
689 0.01536
690 0.01546
691 0.0155
692 0.01544
693 0.0154
694 0.01544
695 0.01537
696 0.01537
697 0.01543
698 0.01524
699 0.01544
700 0.0155
701 0.0153
702 0.01522
703 0.0153
704 0.01539
705 0.01556
706 0.01548
707 0.0153
708 0.01534
709 0.01522
710 0.01513
711 0.0152
712 0.01501
713 0.01497
714 0.01501
715 0.015
716 0.01496
717 0.01504
718 0.01503
719 0.01485
720 0.01487
721 0.01491
722 0.01494
723 0.01493
724 0.01501
725 0.01499
726 0.01487
727 0.01493
728 0.01491
729 0.01465
730 0.0146
731 0.01489
732 0.01487
733 0.01487
734 0.01489
735 0.0149
736 0.01476
737 0.01473
738 0.01473
739 0.01441
740 0.01444
741 0.01438
742 0.01428
743 0.01451
744 0.01474
745 0.0146
746 0.01477
747 0.01473
748 0.01479
749 0.01472
750 0.01457
