# Top-of-atmosphere (TOA) lunar irradiance from Miller and Turner (2009)
# First column wavelength (nm), second column TOA irradiance# Lunar phase angle: 66
# Irradiance units: mW/m^2-micrometer

300 0.02
301 0.01487
302 0.01873
303 0.0179
304 0.02532
305 0.02359
306 0.02408
307 0.02228
308 0.02592
309 0.02615
310 0.01997
311 0.02653
312 0.03148
313 0.02735
314 0.02967
315 0.02727
316 0.02808
317 0.02567
318 0.03576
319 0.02751
320 0.03032
321 0.03746
322 0.02973
323 0.03116
324 0.02906
325 0.03484
326 0.03903
327 0.0445
328 0.04321
329 0.04018
330 0.0494
331 0.04562
332 0.04518
333 0.04385
334 0.04202
335 0.04496
336 0.04584
337 0.03629
338 0.03985
339 0.04279
340 0.04457
341 0.04924
342 0.04318
343 0.04805
344 0.04832
345 0.03486
346 0.04759
347 0.04418
348 0.04384
349 0.04572
350 0.04122
351 0.05449
352 0.04864
353 0.04358
354 0.0526
355 0.05598
356 0.0525
357 0.04695
358 0.04265
359 0.03185
360 0.05451
361 0.05143
362 0.04559
363 0.05214
364 0.04925
365 0.05316
366 0.06103
367 0.06499
368 0.06269
369 0.05595
370 0.06585
371 0.0584
372 0.06757
373 0.05584
374 0.04822
375 0.04921
376 0.05917
377 0.05808
378 0.07002
379 0.0752
380 0.05751
381 0.06736
382 0.06125
383 0.04394
384 0.03663
385 0.05314
386 0.05593
387 0.05666
388 0.05536
389 0.05326
390 0.06812
391 0.06972
392 0.0812
393 0.06142
394 0.02676
395 0.06197
396 0.08019
397 0.04264
398 0.04795
399 0.09142
400 0.09836
401 0.09884
402 0.1076
403 0.1093
404 0.1071
405 0.1047
406 0.1018
407 0.09913
408 0.1006
409 0.102
410 0.1029
411 0.09535
412 0.09927
413 0.1032
414 0.1072
415 0.1076
416 0.1079
417 0.1093
418 0.1072
419 0.1072
420 0.1073
421 0.11
422 0.1121
423 0.1083
424 0.107
425 0.1097
426 0.1089
427 0.1085
428 0.1045
429 0.1045
430 0.09488
431 0.07925
432 0.09824
433 0.1086
434 0.1072
435 0.1051
436 0.113
437 0.1194
438 0.1157
439 0.1113
440 0.116
441 0.1212
442 0.1258
443 0.1297
444 0.1302
445 0.1304
446 0.1283
447 0.1275
448 0.1351
449 0.1368
450 0.1383
451 0.1446
452 0.1454
453 0.1386
454 0.1352
455 0.1415
456 0.1425
457 0.1465
458 0.1467
459 0.1432
460 0.1424
461 0.1447
462 0.1471
463 0.1487
464 0.1471
465 0.144
466 0.1441
467 0.1431
468 0.1424
469 0.1451
470 0.1441
471 0.1421
472 0.1458
473 0.1504
474 0.1486
475 0.1519
476 0.152
477 0.15
478 0.1541
479 0.1542
480 0.1542
481 0.1536
482 0.1548
483 0.1536
484 0.1517
485 0.15
486 0.1366
487 0.1292
488 0.1399
489 0.1444
490 0.1505
491 0.1528
492 0.1475
493 0.1473
494 0.1492
495 0.153
496 0.1532
497 0.1527
498 0.1517
499 0.1493
500 0.1492
501 0.147
502 0.1442
503 0.1474
504 0.1503
505 0.1499
506 0.1555
507 0.1581
508 0.1559
509 0.1538
510 0.1515
511 0.1499
512 0.1531
513 0.1516
514 0.148
515 0.1463
516 0.1487
517 0.1386
518 0.1304
519 0.1355
520 0.1452
521 0.148
522 0.1509
523 0.148
524 0.1508
525 0.1555
526 0.154
527 0.1411
528 0.1446
529 0.1541
530 0.1558
531 0.1581
532 0.1586
533 0.157
534 0.155
535 0.1556
536 0.1604
537 0.1569
538 0.1571
539 0.1583
540 0.1549
541 0.152
542 0.1554
543 0.1574
544 0.1589
545 0.1605
546 0.161
547 0.1612
548 0.1595
549 0.1604
550 0.1625
551 0.1619
552 0.1626
553 0.1625
554 0.1622
555 0.164
556 0.1634
557 0.1602
558 0.1584
559 0.1565
560 0.1546
561 0.1585
562 0.1601
563 0.1584
564 0.1594
565 0.16
566 0.1587
567 0.159
568 0.162
569 0.1608
570 0.1606
571 0.1591
572 0.1596
573 0.1659
574 0.1669
575 0.1657
576 0.1634
577 0.1642
578 0.1647
579 0.1626
580 0.1641
581 0.1657
582 0.1667
583 0.1685
584 0.1688
585 0.1678
586 0.1649
587 0.1648
588 0.1672
589 0.161
590 0.1543
591 0.1619
592 0.1659
593 0.1665
594 0.1664
595 0.1671
596 0.1665
597 0.1679
598 0.1678
599 0.1665
600 0.167
601 0.1662
602 0.1644
603 0.1653
604 0.1685
605 0.1693
606 0.1686
607 0.1681
608 0.1676
609 0.1662
610 0.1655
611 0.1658
612 0.1662
613 0.1656
614 0.1637
615 0.1638
616 0.1627
617 0.1598
618 0.1625
619 0.1651
620 0.1663
621 0.168
622 0.167
623 0.1661
624 0.1654
625 0.1641
626 0.1637
627 0.1671
628 0.1693
629 0.1695
630 0.1678
631 0.1672
632 0.165
633 0.1672
634 0.1664
635 0.1672
636 0.1673
637 0.167
638 0.1695
639 0.1696
640 0.1664
641 0.1652
642 0.1647
643 0.1666
644 0.1662
645 0.1666
646 0.1654
647 0.1657
648 0.1671
649 0.1668
650 0.162
651 0.1679
652 0.1689
653 0.1666
654 0.1654
655 0.163
656 0.1524
657 0.1402
658 0.1553
659 0.1629
660 0.1636
661 0.1652
662 0.1663
663 0.1659
664 0.164
665 0.1646
666 0.1652
667 0.1644
668 0.1641
669 0.1653
670 0.165
671 0.1645
672 0.1639
673 0.1635
674 0.1634
675 0.1632
676 0.1631
677 0.1629
678 0.1628
679 0.1627
680 0.1627
681 0.1626
682 0.1626
683 0.1626
684 0.1626
685 0.1626
686 0.1626
687 0.1627
688 0.1628
689 0.1632
690 0.1641
691 0.1645
692 0.1638
693 0.1633
694 0.1637
695 0.1629
696 0.1629
697 0.1635
698 0.1614
699 0.1635
700 0.164
701 0.1619
702 0.161
703 0.1617
704 0.1626
705 0.1644
706 0.1634
707 0.1616
708 0.1619
709 0.1605
710 0.1596
711 0.1603
712 0.1582
713 0.1577
714 0.1581
715 0.1579
716 0.1574
717 0.1582
718 0.1581
719 0.1562
720 0.1563
721 0.1567
722 0.1569
723 0.1568
724 0.1576
725 0.1572
726 0.156
727 0.1565
728 0.1563
729 0.1535
730 0.153
731 0.1559
732 0.1556
733 0.1556
734 0.1557
735 0.1559
736 0.1543
737 0.154
738 0.1539
739 0.1505
740 0.1508
741 0.15
742 0.149
743 0.1513
744 0.1537
745 0.1522
746 0.1539
747 0.1534
748 0.154
749 0.1532
750 0.1516
