# Top-of-atmosphere (TOA) lunar irradiance from Miller and Turner (2009) by 10 nm increments
# First column wavelength (nm), second column TOA irradiance# Phase angle = 48
# Units = mW/m^2-micrometer

300 0.006751
310 0.006753
320 0.01027
330 0.01677
340 0.01516
350 0.01405
360 0.01861
370 0.02252
380 0.0197
390 0.02338
400 0.03382
410 0.03545
420 0.03703
430 0.03281
440 0.0402
450 0.048
460 0.04952
470 0.05021
480 0.05382
490 0.05262
500 0.05228
510 0.05316
520 0.05106
530 0.05487
540 0.05466
550 0.05747
560 0.05476
570 0.05699
580 0.05834
590 0.05497
600 0.05962
610 0.05918
620 0.05957
630 0.06022
640 0.05981
650 0.05836
660 0.05906
670 0.05967
680 0.05892
690 0.05957
700 0.05963
710 0.05812
720 0.05705
730 0.05593
740 0.05523
750 0.05562
