# Top-of-atmosphere (TOA) lunar irradiance from Miller and Turner (2009) by 10 nm increments
# First column wavelength (nm), second column TOA irradiance# Phase angle = 7
# Units = mW/m^2-micrometer

300 0.0003605
310 0.0003606
320 0.0005485
330 0.0008952
340 0.000809
350 0.0007496
360 0.0009929
370 0.001202
380 0.001051
390 0.001247
400 0.001804
410 0.00189
420 0.001975
430 0.001749
440 0.002143
450 0.002558
460 0.002639
470 0.002675
480 0.002867
490 0.002803
500 0.002785
510 0.002831
520 0.002719
530 0.002922
540 0.00291
550 0.003059
560 0.002914
570 0.003033
580 0.003104
590 0.002925
600 0.003171
610 0.003148
620 0.003168
630 0.003202
640 0.00318
650 0.003102
660 0.003139
670 0.003171
680 0.003131
690 0.003165
700 0.003168
710 0.003087
720 0.00303
730 0.00297
740 0.002933
750 0.002953
