# Top-of-atmosphere (TOA) lunar irradiance from Miller and Turner (2009)
# First column wavelength (nm), second column TOA irradiance# Lunar phase angle: 31
# Irradiance units: mW/m^2-micrometer

300 0.002064
301 0.001535
302 0.001934
303 0.001849
304 0.002617
305 0.002438
306 0.00249
307 0.002305
308 0.002682
309 0.002706
310 0.002067
311 0.002748
312 0.003262
313 0.002834
314 0.003076
315 0.002828
316 0.002913
317 0.002664
318 0.003712
319 0.002856
320 0.00315
321 0.003893
322 0.00309
323 0.00324
324 0.003023
325 0.003625
326 0.004062
327 0.004633
328 0.0045
329 0.004186
330 0.005148
331 0.004756
332 0.004712
333 0.004574
334 0.004385
335 0.004693
336 0.004786
337 0.003791
338 0.004164
339 0.004472
340 0.00466
341 0.00515
342 0.004518
343 0.005029
344 0.005058
345 0.003651
346 0.004986
347 0.00463
348 0.004596
349 0.004794
350 0.004324
351 0.005718
352 0.005105
353 0.004576
354 0.005525
355 0.005882
356 0.005518
357 0.004936
358 0.004486
359 0.003351
360 0.005737
361 0.005414
362 0.004801
363 0.005493
364 0.00519
365 0.005604
366 0.006436
367 0.006855
368 0.006615
369 0.005905
370 0.006953
371 0.006168
372 0.007139
373 0.005901
374 0.005098
375 0.005205
376 0.006259
377 0.006147
378 0.007413
379 0.007963
380 0.006092
381 0.007138
382 0.006492
383 0.004659
384 0.003885
385 0.005638
386 0.005937
387 0.006016
388 0.00588
389 0.005659
390 0.00724
391 0.007413
392 0.008636
393 0.006534
394 0.002848
395 0.006597
396 0.00854
397 0.004542
398 0.00511
399 0.009745
400 0.01049
401 0.01054
402 0.01148
403 0.01166
404 0.01143
405 0.01118
406 0.01087
407 0.0106
408 0.01075
409 0.01091
410 0.01101
411 0.0102
412 0.01063
413 0.01105
414 0.01148
415 0.01153
416 0.01157
417 0.01172
418 0.0115
419 0.0115
420 0.01152
421 0.01181
422 0.01204
423 0.01164
424 0.0115
425 0.01179
426 0.01172
427 0.01167
428 0.01125
429 0.01125
430 0.01022
431 0.008537
432 0.01059
433 0.01171
434 0.01156
435 0.01133
436 0.01219
437 0.01288
438 0.0125
439 0.01202
440 0.01254
441 0.01309
442 0.0136
443 0.01403
444 0.01408
445 0.01411
446 0.01388
447 0.01381
448 0.01463
449 0.01482
450 0.01499
451 0.01568
452 0.01577
453 0.01504
454 0.01467
455 0.01536
456 0.01548
457 0.01592
458 0.01594
459 0.01557
460 0.01549
461 0.01575
462 0.01601
463 0.01618
464 0.01602
465 0.01568
466 0.0157
467 0.01559
468 0.01553
469 0.01582
470 0.01572
471 0.01551
472 0.01591
473 0.01642
474 0.01623
475 0.0166
476 0.01661
477 0.01641
478 0.01686
479 0.01687
480 0.01688
481 0.01681
482 0.01696
483 0.01683
484 0.01663
485 0.01645
486 0.01498
487 0.01417
488 0.01536
489 0.01586
490 0.01652
491 0.01678
492 0.01621
493 0.0162
494 0.01641
495 0.01683
496 0.01685
497 0.01681
498 0.0167
499 0.01645
500 0.01644
501 0.0162
502 0.0159
503 0.01626
504 0.01659
505 0.01654
506 0.01717
507 0.01746
508 0.01723
509 0.01699
510 0.01674
511 0.01658
512 0.01693
513 0.01677
514 0.01639
515 0.0162
516 0.01647
517 0.01535
518 0.01446
519 0.01502
520 0.0161
521 0.01642
522 0.01675
523 0.01643
524 0.01675
525 0.01728
526 0.01711
527 0.01569
528 0.01608
529 0.01714
530 0.01733
531 0.0176
532 0.01766
533 0.01749
534 0.01727
535 0.01734
536 0.01788
537 0.0175
538 0.01752
539 0.01766
540 0.01729
541 0.01697
542 0.01736
543 0.01759
544 0.01776
545 0.01794
546 0.01801
547 0.01804
548 0.01785
549 0.01796
550 0.0182
551 0.01813
552 0.01822
553 0.01822
554 0.01819
555 0.0184
556 0.01834
557 0.01798
558 0.01779
559 0.01758
560 0.01737
561 0.01782
562 0.018
563 0.01782
564 0.01793
565 0.018
566 0.01787
567 0.01791
568 0.01825
569 0.01813
570 0.0181
571 0.01795
572 0.018
573 0.01873
574 0.01884
575 0.01871
576 0.01846
577 0.01856
578 0.01862
579 0.01839
580 0.01856
581 0.01875
582 0.01886
583 0.01908
584 0.01912
585 0.01901
586 0.01869
587 0.01868
588 0.01897
589 0.01826
590 0.01751
591 0.01838
592 0.01884
593 0.01891
594 0.01891
595 0.01899
596 0.01894
597 0.01909
598 0.0191
599 0.01895
600 0.01902
601 0.01893
602 0.01873
603 0.01884
604 0.01921
605 0.01931
606 0.01923
607 0.01919
608 0.01914
609 0.01898
610 0.01891
611 0.01894
612 0.019
613 0.01894
614 0.01873
615 0.01874
616 0.01862
617 0.0183
618 0.01861
619 0.01891
620 0.01906
621 0.01926
622 0.01915
623 0.01906
624 0.01898
625 0.01883
626 0.01879
627 0.01919
628 0.01945
629 0.01949
630 0.01929
631 0.01923
632 0.01898
633 0.01924
634 0.01916
635 0.01925
636 0.01927
637 0.01925
638 0.01954
639 0.01955
640 0.01919
641 0.01907
642 0.01901
643 0.01924
644 0.0192
645 0.01925
646 0.01911
647 0.01916
648 0.01933
649 0.0193
650 0.01875
651 0.01944
652 0.01956
653 0.01931
654 0.01917
655 0.0189
656 0.01767
657 0.01626
658 0.01802
659 0.01891
660 0.019
661 0.01919
662 0.01932
663 0.01928
664 0.01907
665 0.01915
666 0.01922
667 0.01913
668 0.01911
669 0.01925
670 0.01922
671 0.01917
672 0.01911
673 0.01907
674 0.01906
675 0.01904
676 0.01903
677 0.01902
678 0.01902
679 0.01901
680 0.01901
681 0.01901
682 0.01902
683 0.01902
684 0.01903
685 0.01904
686 0.01905
687 0.01906
688 0.01908
689 0.01913
690 0.01925
691 0.0193
692 0.01922
693 0.01917
694 0.01922
695 0.01914
696 0.01914
697 0.01922
698 0.01897
699 0.01922
700 0.0193
701 0.01905
702 0.01895
703 0.01905
704 0.01916
705 0.01937
706 0.01927
707 0.01905
708 0.01909
709 0.01894
710 0.01883
711 0.01893
712 0.01868
713 0.01863
714 0.01869
715 0.01867
716 0.01862
717 0.01872
718 0.01871
719 0.01849
720 0.01851
721 0.01856
722 0.01859
723 0.01859
724 0.01868
725 0.01865
726 0.01851
727 0.01858
728 0.01856
729 0.01824
730 0.01818
731 0.01853
732 0.0185
733 0.01851
734 0.01853
735 0.01855
736 0.01837
737 0.01833
738 0.01833
739 0.01793
740 0.01797
741 0.01789
742 0.01777
743 0.01806
744 0.01834
745 0.01817
746 0.01838
747 0.01833
748 0.01841
749 0.01832
750 0.01813
