# Top-of-atmosphere (TOA) lunar irradiance from Miller and Turner (2009) by 10 nm increments
# First column wavelength (nm), second column TOA irradiance# Phase angle = 117
# Units = mW/m^2-micrometer

300 0.1262
310 0.1258
320 0.1907
330 0.3101
340 0.2793
350 0.2579
360 0.3405
370 0.4106
380 0.358
390 0.4232
400 0.6101
410 0.6371
420 0.6632
430 0.5855
440 0.7148
450 0.8504
460 0.8742
470 0.8831
480 0.9432
490 0.9189
500 0.9097
510 0.9218
520 0.8821
530 0.9446
540 0.9377
550 0.9822
560 0.9326
570 0.9672
580 0.9864
590 0.9262
600 1.001
610 0.99
620 0.9929
630 1
640 0.9899
650 0.9623
660 0.9704
670 0.9769
680 0.9613
690 0.9683
700 0.9659
710 0.938
720 0.9175
730 0.8963
740 0.8819
750 0.8849
