# Top-of-atmosphere (TOA) lunar irradiance from Miller and Turner (2009) by 10 nm increments
# First column wavelength (nm), second column TOA irradiance# Phase angle = 123
# Units = mW/m^2-micrometer

300 0.1464
310 0.1459
320 0.2212
330 0.3597
340 0.3239
350 0.2991
360 0.3947
370 0.476
380 0.415
390 0.4906
400 0.7071
410 0.7384
420 0.7686
430 0.6785
440 0.8283
450 0.9853
460 1.013
470 1.023
480 1.093
490 1.064
500 1.054
510 1.068
520 1.022
530 1.094
540 1.086
550 1.137
560 1.08
570 1.12
580 1.142
590 1.072
600 1.159
610 1.146
620 1.149
630 1.157
640 1.146
650 1.114
660 1.123
670 1.13
680 1.112
690 1.12
700 1.117
710 1.085
720 1.061
730 1.037
740 1.02
750 1.023
