# Top-of-atmosphere (TOA) lunar irradiance from Miller and Turner (2009) by 10 nm increments
# First column wavelength (nm), second column TOA irradiance# Phase angle = 3
# Units = mW/m^2-micrometer

300 0.0002788
310 0.0002785
320 0.0004232
330 0.0006899
340 0.0006228
350 0.0005764
360 0.0007627
370 0.000922
380 0.0008057
390 0.0009549
400 0.00138
410 0.001444
420 0.001507
430 0.001333
440 0.001632
450 0.001946
460 0.002005
470 0.00203
480 0.002173
490 0.002122
500 0.002106
510 0.002139
520 0.002052
530 0.002202
540 0.002191
550 0.002301
560 0.00219
570 0.002276
580 0.002327
590 0.00219
600 0.002372
610 0.002352
620 0.002364
630 0.002387
640 0.002368
650 0.002308
660 0.002333
670 0.002354
680 0.002322
690 0.002344
700 0.002344
710 0.002282
720 0.002237
730 0.00219
740 0.00216
750 0.002173
