# Top-of-atmosphere (TOA) lunar irradiance from Miller and Turner (2009)
# First column wavelength (nm), second column TOA irradiance# Lunar phase angle: 6
# Irradiance units: mW/m^2-micrometer

300 0.0003381
301 0.0002515
302 0.0003167
303 0.0003027
304 0.0004283
305 0.000399
306 0.0004075
307 0.0003771
308 0.0004387
309 0.0004426
310 0.000338
311 0.0004492
312 0.0005331
313 0.0004632
314 0.0005027
315 0.000462
316 0.0004759
317 0.0004351
318 0.0006061
319 0.0004663
320 0.0005141
321 0.0006353
322 0.0005041
323 0.0005285
324 0.000493
325 0.0005911
326 0.0006622
327 0.0007553
328 0.0007335
329 0.0006822
330 0.0008387
331 0.0007746
332 0.0007674
333 0.0007448
334 0.0007139
335 0.0007638
336 0.0007789
337 0.0006168
338 0.0006774
339 0.0007274
340 0.0007578
341 0.0008373
342 0.0007344
343 0.0008174
344 0.000822
345 0.0005932
346 0.0008099
347 0.0007519
348 0.0007463
349 0.0007784
350 0.000702
351 0.000928
352 0.0008284
353 0.0007423
354 0.0008962
355 0.000954
356 0.0008948
357 0.0008002
358 0.0007271
359 0.0005431
360 0.0009296
361 0.0008771
362 0.0007777
363 0.0008895
364 0.0008403
365 0.0009072
366 0.001042
367 0.001109
368 0.00107
369 0.0009553
370 0.001125
371 0.0009975
372 0.001154
373 0.000954
374 0.000824
375 0.000841
376 0.001011
377 0.0009929
378 0.001197
379 0.001286
380 0.0009835
381 0.001152
382 0.001048
383 0.0007518
384 0.0006268
385 0.0009094
386 0.0009574
387 0.0009699
388 0.0009479
389 0.000912
390 0.001167
391 0.001194
392 0.001391
393 0.001052
394 0.0004586
395 0.001062
396 0.001375
397 0.000731
398 0.0008222
399 0.001568
400 0.001687
401 0.001696
402 0.001845
403 0.001875
404 0.001837
405 0.001796
406 0.001747
407 0.001702
408 0.001727
409 0.001752
410 0.001767
411 0.001638
412 0.001706
413 0.001773
414 0.001842
415 0.00185
416 0.001855
417 0.00188
418 0.001843
419 0.001843
420 0.001846
421 0.001892
422 0.001929
423 0.001864
424 0.001842
425 0.001888
426 0.001876
427 0.001869
428 0.0018
429 0.0018
430 0.001635
431 0.001365
432 0.001693
433 0.001872
434 0.001848
435 0.001811
436 0.001948
437 0.002058
438 0.001996
439 0.00192
440 0.002002
441 0.00209
442 0.002171
443 0.002239
444 0.002247
445 0.002251
446 0.002215
447 0.002202
448 0.002333
449 0.002363
450 0.002389
451 0.002498
452 0.002512
453 0.002396
454 0.002337
455 0.002446
456 0.002465
457 0.002534
458 0.002537
459 0.002477
460 0.002464
461 0.002505
462 0.002546
463 0.002573
464 0.002547
465 0.002493
466 0.002495
467 0.002478
468 0.002467
469 0.002513
470 0.002497
471 0.002463
472 0.002526
473 0.002607
474 0.002576
475 0.002634
476 0.002635
477 0.002602
478 0.002673
479 0.002675
480 0.002675
481 0.002665
482 0.002688
483 0.002666
484 0.002634
485 0.002605
486 0.002373
487 0.002243
488 0.002431
489 0.002509
490 0.002615
491 0.002655
492 0.002565
493 0.002561
494 0.002595
495 0.00266
496 0.002664
497 0.002657
498 0.002639
499 0.002598
500 0.002597
501 0.002558
502 0.00251
503 0.002566
504 0.002618
505 0.00261
506 0.002709
507 0.002754
508 0.002717
509 0.002679
510 0.00264
511 0.002614
512 0.002668
513 0.002642
514 0.002582
515 0.002552
516 0.002593
517 0.002417
518 0.002276
519 0.002365
520 0.002534
521 0.002584
522 0.002635
523 0.002585
524 0.002633
525 0.002716
526 0.00269
527 0.002465
528 0.002527
529 0.002692
530 0.002722
531 0.002765
532 0.002773
533 0.002746
534 0.00271
535 0.002722
536 0.002806
537 0.002745
538 0.002749
539 0.00277
540 0.002711
541 0.00266
542 0.002721
543 0.002756
544 0.002783
545 0.002811
546 0.002821
547 0.002825
548 0.002795
549 0.002812
550 0.002849
551 0.002838
552 0.002851
553 0.00285
554 0.002845
555 0.002877
556 0.002866
557 0.002811
558 0.00278
559 0.002747
560 0.002713
561 0.002783
562 0.002811
563 0.002782
564 0.0028
565 0.00281
566 0.002789
567 0.002794
568 0.002846
569 0.002827
570 0.002823
571 0.002798
572 0.002806
573 0.002918
574 0.002936
575 0.002914
576 0.002875
577 0.00289
578 0.002899
579 0.002863
580 0.002888
581 0.002918
582 0.002935
583 0.002968
584 0.002974
585 0.002956
586 0.002906
587 0.002904
588 0.002948
589 0.002838
590 0.002721
591 0.002855
592 0.002926
593 0.002936
594 0.002935
595 0.002948
596 0.002939
597 0.002963
598 0.002963
599 0.002939
600 0.002949
601 0.002935
602 0.002904
603 0.00292
604 0.002977
605 0.002992
606 0.002979
607 0.002971
608 0.002963
609 0.002939
610 0.002926
611 0.002931
612 0.00294
613 0.00293
614 0.002897
615 0.002898
616 0.002879
617 0.002828
618 0.002876
619 0.002923
620 0.002944
621 0.002975
622 0.002958
623 0.002943
624 0.00293
625 0.002907
626 0.002901
627 0.002961
628 0.003001
629 0.003006
630 0.002975
631 0.002965
632 0.002926
633 0.002966
634 0.002953
635 0.002967
636 0.002969
637 0.002965
638 0.003009
639 0.003011
640 0.002954
641 0.002935
642 0.002926
643 0.00296
644 0.002954
645 0.002961
646 0.002939
647 0.002946
648 0.002971
649 0.002966
650 0.002881
651 0.002986
652 0.003005
653 0.002965
654 0.002944
655 0.002901
656 0.002713
657 0.002495
658 0.002765
659 0.002901
660 0.002914
661 0.002943
662 0.002963
663 0.002956
664 0.002923
665 0.002934
666 0.002945
667 0.002931
668 0.002926
669 0.002948
670 0.002943
671 0.002935
672 0.002924
673 0.002918
674 0.002915
675 0.002913
676 0.002911
677 0.002909
678 0.002908
679 0.002906
680 0.002906
681 0.002905
682 0.002905
683 0.002905
684 0.002906
685 0.002907
686 0.002908
687 0.002909
688 0.002911
689 0.002918
690 0.002936
691 0.002943
692 0.002931
693 0.002923
694 0.00293
695 0.002917
696 0.002916
697 0.002928
698 0.00289
699 0.002928
700 0.002938
701 0.0029
702 0.002884
703 0.002899
704 0.002915
705 0.002947
706 0.002931
707 0.002898
708 0.002903
709 0.002879
710 0.002862
711 0.002876
712 0.002839
713 0.00283
714 0.002839
715 0.002835
716 0.002827
717 0.002841
718 0.00284
719 0.002805
720 0.002809
721 0.002816
722 0.00282
723 0.002818
724 0.002832
725 0.002827
726 0.002805
727 0.002815
728 0.002812
729 0.002762
730 0.002752
731 0.002805
732 0.002801
733 0.002801
734 0.002804
735 0.002807
736 0.002779
737 0.002773
738 0.002771
739 0.002711
740 0.002717
741 0.002704
742 0.002686
743 0.002728
744 0.00277
745 0.002744
746 0.002775
747 0.002767
748 0.002778
749 0.002764
750 0.002735
