# Top-of-atmosphere (TOA) lunar irradiance from Miller and Turner (2009)
# First column wavelength (nm), second column TOA irradiance# Lunar phase angle: 37
# Irradiance units: mW/m^2-micrometer

300 0.003201
301 0.002382
302 0.003
303 0.002868
304 0.004058
305 0.003781
306 0.003862
307 0.003574
308 0.004159
309 0.004196
310 0.003206
311 0.004261
312 0.005057
313 0.004394
314 0.004769
315 0.004384
316 0.004516
317 0.00413
318 0.005753
319 0.004427
320 0.004881
321 0.006033
322 0.004788
323 0.00502
324 0.004684
325 0.005616
326 0.006293
327 0.007178
328 0.006972
329 0.006486
330 0.007975
331 0.007367
332 0.007298
333 0.007085
334 0.006791
335 0.007268
336 0.007412
337 0.00587
338 0.006448
339 0.006925
340 0.007215
341 0.007973
342 0.006995
343 0.007786
344 0.007831
345 0.005652
346 0.007717
347 0.007166
348 0.007113
349 0.007421
350 0.006693
351 0.008849
352 0.007901
353 0.00708
354 0.008549
355 0.009101
356 0.008538
357 0.007637
358 0.00694
359 0.005184
360 0.008875
361 0.008375
362 0.007427
363 0.008496
364 0.008027
365 0.008667
366 0.009953
367 0.0106
368 0.01023
369 0.009132
370 0.01075
371 0.009537
372 0.01104
373 0.009124
374 0.007882
375 0.008046
376 0.009676
377 0.009502
378 0.01146
379 0.01231
380 0.009416
381 0.01103
382 0.01003
383 0.0072
384 0.006004
385 0.008712
386 0.009172
387 0.009294
388 0.009084
389 0.008742
390 0.01118
391 0.01145
392 0.01334
393 0.01009
394 0.004399
395 0.01019
396 0.01319
397 0.007015
398 0.007891
399 0.01505
400 0.01619
401 0.01628
402 0.01772
403 0.01801
404 0.01765
405 0.01725
406 0.01678
407 0.01635
408 0.01659
409 0.01683
410 0.01699
411 0.01575
412 0.0164
413 0.01705
414 0.01771
415 0.01779
416 0.01785
417 0.01809
418 0.01774
419 0.01774
420 0.01776
421 0.01821
422 0.01857
423 0.01795
424 0.01774
425 0.01818
426 0.01807
427 0.018
428 0.01735
429 0.01735
430 0.01575
431 0.01316
432 0.01632
433 0.01805
434 0.01783
435 0.01747
436 0.01879
437 0.01986
438 0.01926
439 0.01853
440 0.01932
441 0.02018
442 0.02096
443 0.02162
444 0.0217
445 0.02174
446 0.02139
447 0.02127
448 0.02254
449 0.02284
450 0.02309
451 0.02415
452 0.02428
453 0.02317
454 0.0226
455 0.02366
456 0.02384
457 0.02451
458 0.02455
459 0.02397
460 0.02384
461 0.02424
462 0.02465
463 0.02491
464 0.02466
465 0.02414
466 0.02417
467 0.024
468 0.0239
469 0.02435
470 0.0242
471 0.02387
472 0.02449
473 0.02527
474 0.02497
475 0.02555
476 0.02556
477 0.02524
478 0.02593
479 0.02595
480 0.02596
481 0.02586
482 0.02609
483 0.02588
484 0.02557
485 0.0253
486 0.02304
487 0.02179
488 0.02362
489 0.02438
490 0.02541
491 0.0258
492 0.02493
493 0.0249
494 0.02523
495 0.02587
496 0.02591
497 0.02584
498 0.02567
499 0.02528
500 0.02527
501 0.0249
502 0.02443
503 0.02498
504 0.02548
505 0.02541
506 0.02638
507 0.02682
508 0.02646
509 0.0261
510 0.02572
511 0.02547
512 0.02601
513 0.02576
514 0.02517
515 0.02488
516 0.02529
517 0.02358
518 0.0222
519 0.02307
520 0.02473
521 0.02522
522 0.02571
523 0.02523
524 0.02571
525 0.02652
526 0.02626
527 0.02408
528 0.02468
529 0.0263
530 0.0266
531 0.02701
532 0.0271
533 0.02684
534 0.0265
535 0.02661
536 0.02744
537 0.02685
538 0.02688
539 0.0271
540 0.02652
541 0.02603
542 0.02663
543 0.02698
544 0.02724
545 0.02752
546 0.02762
547 0.02766
548 0.02737
549 0.02754
550 0.02791
551 0.0278
552 0.02794
553 0.02793
554 0.02789
555 0.02821
556 0.0281
557 0.02756
558 0.02726
559 0.02694
560 0.02662
561 0.0273
562 0.02759
563 0.02731
564 0.02748
565 0.02759
566 0.02738
567 0.02743
568 0.02795
569 0.02777
570 0.02773
571 0.02749
572 0.02757
573 0.02868
574 0.02886
575 0.02865
576 0.02826
577 0.02842
578 0.02851
579 0.02816
580 0.02841
581 0.02871
582 0.02888
583 0.02921
584 0.02927
585 0.0291
586 0.02861
587 0.0286
588 0.02903
589 0.02795
590 0.0268
591 0.02813
592 0.02883
593 0.02893
594 0.02893
595 0.02906
596 0.02897
597 0.02921
598 0.02921
599 0.02899
600 0.02909
601 0.02895
602 0.02865
603 0.02881
604 0.02938
605 0.02953
606 0.02941
607 0.02934
608 0.02926
609 0.02902
610 0.0289
611 0.02896
612 0.02904
613 0.02895
614 0.02862
615 0.02864
616 0.02845
617 0.02796
618 0.02844
619 0.0289
620 0.02912
621 0.02943
622 0.02926
623 0.02912
624 0.029
625 0.02877
626 0.02871
627 0.02932
628 0.02971
629 0.02977
630 0.02947
631 0.02937
632 0.02899
633 0.02939
634 0.02926
635 0.0294
636 0.02943
637 0.02939
638 0.02983
639 0.02986
640 0.0293
641 0.02911
642 0.02902
643 0.02937
644 0.02931
645 0.02939
646 0.02917
647 0.02925
648 0.02949
649 0.02945
650 0.02861
651 0.02966
652 0.02985
653 0.02946
654 0.02925
655 0.02883
656 0.02696
657 0.02481
658 0.02748
659 0.02885
660 0.02898
661 0.02927
662 0.02947
663 0.0294
664 0.02909
665 0.0292
666 0.02931
667 0.02918
668 0.02913
669 0.02935
670 0.02931
671 0.02923
672 0.02913
673 0.02907
674 0.02905
675 0.02903
676 0.02901
677 0.029
678 0.02898
679 0.02898
680 0.02897
681 0.02897
682 0.02897
683 0.02898
684 0.02899
685 0.029
686 0.02902
687 0.02904
688 0.02906
689 0.02913
690 0.02932
691 0.02939
692 0.02927
693 0.0292
694 0.02928
695 0.02914
696 0.02914
697 0.02926
698 0.02889
699 0.02927
700 0.02938
701 0.029
702 0.02885
703 0.02899
704 0.02916
705 0.02949
706 0.02932
707 0.029
708 0.02906
709 0.02883
710 0.02866
711 0.0288
712 0.02843
713 0.02835
714 0.02844
715 0.0284
716 0.02832
717 0.02847
718 0.02847
719 0.02812
720 0.02816
721 0.02824
722 0.02827
723 0.02827
724 0.02841
725 0.02836
726 0.02815
727 0.02825
728 0.02822
729 0.02773
730 0.02763
731 0.02817
732 0.02813
733 0.02813
734 0.02816
735 0.02819
736 0.02792
737 0.02786
738 0.02785
739 0.02725
740 0.02731
741 0.02718
742 0.02701
743 0.02744
744 0.02787
745 0.0276
746 0.02792
747 0.02784
748 0.02796
749 0.02782
750 0.02753
