# Top-of-atmosphere (TOA) lunar irradiance from Miller and Turner (2009)
# First column wavelength (nm), second column TOA irradiance# Lunar phase angle: 42
# Irradiance units: mW/m^2-micrometer

300 0.004548
301 0.003383
302 0.004262
303 0.004074
304 0.005765
305 0.005371
306 0.005486
307 0.005076
308 0.005906
309 0.00596
310 0.004552
311 0.00605
312 0.007181
313 0.006239
314 0.006772
315 0.006225
316 0.006412
317 0.005863
318 0.008168
319 0.006285
320 0.006929
321 0.008564
322 0.006797
323 0.007126
324 0.006648
325 0.007971
326 0.008932
327 0.01019
328 0.009895
329 0.009203
330 0.01132
331 0.01045
332 0.01036
333 0.01005
334 0.009635
335 0.01031
336 0.01052
337 0.008327
338 0.009146
339 0.009823
340 0.01023
341 0.01131
342 0.009921
343 0.01104
344 0.01111
345 0.008015
346 0.01094
347 0.01016
348 0.01009
349 0.01052
350 0.009489
351 0.01255
352 0.0112
353 0.01004
354 0.01212
355 0.0129
356 0.0121
357 0.01082
358 0.009837
359 0.007348
360 0.01258
361 0.01187
362 0.01052
363 0.01204
364 0.01137
365 0.01228
366 0.0141
367 0.01502
368 0.01449
369 0.01294
370 0.01523
371 0.01351
372 0.01564
373 0.01292
374 0.01116
375 0.0114
376 0.0137
377 0.01346
378 0.01623
379 0.01743
380 0.01333
381 0.01562
382 0.01421
383 0.01019
384 0.0085
385 0.01233
386 0.01299
387 0.01316
388 0.01286
389 0.01237
390 0.01583
391 0.01621
392 0.01888
393 0.01428
394 0.006225
395 0.01442
396 0.01866
397 0.009926
398 0.01117
399 0.02129
400 0.02291
401 0.02303
402 0.02507
403 0.02547
404 0.02496
405 0.02441
406 0.02374
407 0.02313
408 0.02347
409 0.02381
410 0.02403
411 0.02227
412 0.02319
413 0.02412
414 0.02505
415 0.02516
416 0.02523
417 0.02557
418 0.02508
419 0.02508
420 0.02511
421 0.02574
422 0.02625
423 0.02537
424 0.02508
425 0.0257
426 0.02554
427 0.02544
428 0.02451
429 0.02452
430 0.02226
431 0.0186
432 0.02306
433 0.0255
434 0.02519
435 0.02468
436 0.02654
437 0.02805
438 0.02721
439 0.02618
440 0.02729
441 0.0285
442 0.02961
443 0.03054
444 0.03065
445 0.0307
446 0.03021
447 0.03004
448 0.03183
449 0.03225
450 0.0326
451 0.0341
452 0.03428
453 0.0327
454 0.0319
455 0.03339
456 0.03365
457 0.0346
458 0.03465
459 0.03383
460 0.03365
461 0.03421
462 0.03479
463 0.03516
464 0.0348
465 0.03406
466 0.0341
467 0.03386
468 0.03372
469 0.03436
470 0.03414
471 0.03368
472 0.03455
473 0.03565
474 0.03522
475 0.03603
476 0.03605
477 0.0356
478 0.03657
479 0.0366
480 0.03661
481 0.03647
482 0.03679
483 0.03649
484 0.03606
485 0.03567
486 0.03249
487 0.03072
488 0.03329
489 0.03437
490 0.03581
491 0.03637
492 0.03514
493 0.03509
494 0.03556
495 0.03645
496 0.03651
497 0.03642
498 0.03617
499 0.03562
500 0.0356
501 0.03508
502 0.03442
503 0.03519
504 0.0359
505 0.0358
506 0.03716
507 0.03778
508 0.03728
509 0.03676
510 0.03623
511 0.03587
512 0.03662
513 0.03627
514 0.03544
515 0.03504
516 0.03561
517 0.0332
518 0.03126
519 0.03248
520 0.03481
521 0.0355
522 0.0362
523 0.03551
524 0.03619
525 0.03733
526 0.03697
527 0.03389
528 0.03474
529 0.03702
530 0.03743
531 0.03801
532 0.03814
533 0.03776
534 0.03728
535 0.03744
536 0.0386
537 0.03777
538 0.03782
539 0.03812
540 0.03731
541 0.03661
542 0.03746
543 0.03794
544 0.03831
545 0.0387
546 0.03884
547 0.0389
548 0.03849
549 0.03873
550 0.03924
551 0.03909
552 0.03928
553 0.03927
554 0.0392
555 0.03965
556 0.03951
557 0.03875
558 0.03832
559 0.03787
560 0.03741
561 0.03837
562 0.03877
563 0.03838
564 0.03862
565 0.03876
566 0.03847
567 0.03854
568 0.03928
569 0.03901
570 0.03896
571 0.03862
572 0.03873
573 0.04029
574 0.04054
575 0.04024
576 0.0397
577 0.03991
578 0.04004
579 0.03955
580 0.0399
581 0.04031
582 0.04055
583 0.04101
584 0.0411
585 0.04086
586 0.04017
587 0.04015
588 0.04075
589 0.03924
590 0.03762
591 0.03948
592 0.04047
593 0.04061
594 0.0406
595 0.04079
596 0.04066
597 0.04099
598 0.041
599 0.04067
600 0.04082
601 0.04062
602 0.0402
603 0.04043
604 0.04122
605 0.04143
606 0.04125
607 0.04115
608 0.04104
609 0.04071
610 0.04054
611 0.04061
612 0.04073
613 0.0406
614 0.04014
615 0.04017
616 0.0399
617 0.03921
618 0.03987
619 0.04052
620 0.04083
621 0.04125
622 0.04102
623 0.04082
624 0.04065
625 0.04033
626 0.04024
627 0.04109
628 0.04165
629 0.04172
630 0.0413
631 0.04116
632 0.04062
633 0.04118
634 0.041
635 0.04119
636 0.04123
637 0.04117
638 0.0418
639 0.04183
640 0.04104
641 0.04077
642 0.04066
643 0.04114
644 0.04105
645 0.04116
646 0.04086
647 0.04096
648 0.0413
649 0.04124
650 0.04006
651 0.04153
652 0.0418
653 0.04124
654 0.04095
655 0.04036
656 0.03774
657 0.03473
658 0.03847
659 0.04038
660 0.04057
661 0.04096
662 0.04125
663 0.04115
664 0.04071
665 0.04086
666 0.04101
667 0.04083
668 0.04076
669 0.04107
670 0.04101
671 0.0409
672 0.04075
673 0.04067
674 0.04063
675 0.0406
676 0.04058
677 0.04056
678 0.04054
679 0.04053
680 0.04052
681 0.04052
682 0.04052
683 0.04053
684 0.04054
685 0.04055
686 0.04057
687 0.0406
688 0.04063
689 0.04073
690 0.04098
691 0.04109
692 0.04092
693 0.04081
694 0.04092
695 0.04073
696 0.04073
697 0.04089
698 0.04037
699 0.0409
700 0.04105
701 0.04053
702 0.04031
703 0.04051
704 0.04074
705 0.0412
706 0.04097
707 0.04051
708 0.04059
709 0.04027
710 0.04003
711 0.04022
712 0.03971
713 0.03959
714 0.03971
715 0.03967
716 0.03955
717 0.03976
718 0.03975
719 0.03927
720 0.03932
721 0.03942
722 0.03948
723 0.03946
724 0.03966
725 0.03959
726 0.03929
727 0.03944
728 0.03939
729 0.0387
730 0.03857
731 0.03931
732 0.03925
733 0.03926
734 0.0393
735 0.03934
736 0.03896
737 0.03888
738 0.03886
739 0.03802
740 0.0381
741 0.03792
742 0.03767
743 0.03827
744 0.03887
745 0.0385
746 0.03894
747 0.03883
748 0.03899
749 0.0388
750 0.03839
