# Top-of-atmosphere (TOA) lunar irradiance from Miller and Turner (2009)
# First column wavelength (nm), second column TOA irradiance# Lunar phase angle: 35
# Irradiance units: mW/m^2-micrometer

300 0.002765
301 0.002057
302 0.002592
303 0.002478
304 0.003506
305 0.003267
306 0.003337
307 0.003088
308 0.003593
309 0.003625
310 0.002769
311 0.003681
312 0.004369
313 0.003796
314 0.004121
315 0.003788
316 0.003902
317 0.003568
318 0.004971
319 0.003825
320 0.004218
321 0.005213
322 0.004138
323 0.004338
324 0.004048
325 0.004853
326 0.005439
327 0.006204
328 0.006026
329 0.005605
330 0.006892
331 0.006367
332 0.006308
333 0.006124
334 0.00587
335 0.006282
336 0.006407
337 0.005074
338 0.005573
339 0.005986
340 0.006237
341 0.006892
342 0.006046
343 0.006731
344 0.006769
345 0.004886
346 0.006671
347 0.006195
348 0.006149
349 0.006415
350 0.005786
351 0.00765
352 0.006831
353 0.006121
354 0.007391
355 0.007869
356 0.007382
357 0.006603
358 0.006001
359 0.004483
360 0.007674
361 0.007242
362 0.006422
363 0.007346
364 0.006941
365 0.007494
366 0.008607
367 0.009168
368 0.008846
369 0.007897
370 0.009298
371 0.008248
372 0.009546
373 0.007891
374 0.006816
375 0.006959
376 0.008368
377 0.008218
378 0.00991
379 0.01065
380 0.008144
381 0.009541
382 0.008678
383 0.006228
384 0.005193
385 0.007536
386 0.007934
387 0.00804
388 0.007858
389 0.007562
390 0.009674
391 0.009905
392 0.01154
393 0.008731
394 0.003805
395 0.008815
396 0.01141
397 0.006069
398 0.006827
399 0.01302
400 0.01401
401 0.01408
402 0.01533
403 0.01558
404 0.01527
405 0.01493
406 0.01452
407 0.01415
408 0.01436
409 0.01457
410 0.0147
411 0.01363
412 0.01419
413 0.01476
414 0.01533
415 0.0154
416 0.01544
417 0.01565
418 0.01535
419 0.01535
420 0.01537
421 0.01576
422 0.01608
423 0.01553
424 0.01536
425 0.01574
426 0.01564
427 0.01558
428 0.01501
429 0.01502
430 0.01364
431 0.01139
432 0.01413
433 0.01562
434 0.01543
435 0.01512
436 0.01627
437 0.01719
438 0.01668
439 0.01604
440 0.01673
441 0.01747
442 0.01815
443 0.01872
444 0.01879
445 0.01882
446 0.01852
447 0.01842
448 0.01951
449 0.01977
450 0.01999
451 0.02091
452 0.02103
453 0.02006
454 0.01957
455 0.02048
456 0.02064
457 0.02123
458 0.02126
459 0.02076
460 0.02065
461 0.02099
462 0.02135
463 0.02157
464 0.02136
465 0.02091
466 0.02093
467 0.02079
468 0.0207
469 0.02109
470 0.02096
471 0.02068
472 0.02121
473 0.02189
474 0.02163
475 0.02213
476 0.02214
477 0.02186
478 0.02246
479 0.02248
480 0.02249
481 0.02241
482 0.0226
483 0.02242
484 0.02216
485 0.02192
486 0.01996
487 0.01888
488 0.02046
489 0.02112
490 0.02201
491 0.02236
492 0.0216
493 0.02157
494 0.02186
495 0.02241
496 0.02245
497 0.02239
498 0.02224
499 0.0219
500 0.0219
501 0.02157
502 0.02117
503 0.02165
504 0.02208
505 0.02202
506 0.02286
507 0.02325
508 0.02293
509 0.02262
510 0.02229
511 0.02207
512 0.02254
513 0.02233
514 0.02181
515 0.02157
516 0.02192
517 0.02044
518 0.01924
519 0.02
520 0.02143
521 0.02186
522 0.02229
523 0.02187
524 0.02228
525 0.02299
526 0.02277
527 0.02087
528 0.0214
529 0.0228
530 0.02306
531 0.02342
532 0.0235
533 0.02327
534 0.02297
535 0.02307
536 0.02379
537 0.02328
538 0.02331
539 0.0235
540 0.023
541 0.02257
542 0.02309
543 0.02339
544 0.02362
545 0.02386
546 0.02395
547 0.02399
548 0.02374
549 0.02389
550 0.0242
551 0.02411
552 0.02423
553 0.02422
554 0.02419
555 0.02446
556 0.02437
557 0.02391
558 0.02365
559 0.02337
560 0.02309
561 0.02368
562 0.02393
563 0.02369
564 0.02384
565 0.02393
566 0.02375
567 0.0238
568 0.02425
569 0.02409
570 0.02406
571 0.02385
572 0.02392
573 0.02488
574 0.02504
575 0.02485
576 0.02452
577 0.02466
578 0.02474
579 0.02443
580 0.02465
581 0.02491
582 0.02506
583 0.02534
584 0.0254
585 0.02525
586 0.02483
587 0.02481
588 0.02519
589 0.02425
590 0.02326
591 0.02441
592 0.02502
593 0.02511
594 0.02511
595 0.02522
596 0.02514
597 0.02535
598 0.02535
599 0.02516
600 0.02525
601 0.02513
602 0.02487
603 0.02501
604 0.0255
605 0.02563
606 0.02552
607 0.02546
608 0.0254
609 0.02519
610 0.02509
611 0.02514
612 0.02521
613 0.02513
614 0.02485
615 0.02486
616 0.0247
617 0.02428
618 0.02469
619 0.02509
620 0.02528
621 0.02555
622 0.02541
623 0.02528
624 0.02518
625 0.02498
626 0.02493
627 0.02545
628 0.0258
629 0.02585
630 0.02559
631 0.0255
632 0.02517
633 0.02552
634 0.02541
635 0.02553
636 0.02556
637 0.02552
638 0.02591
639 0.02593
640 0.02544
641 0.02528
642 0.02521
643 0.02551
644 0.02546
645 0.02552
646 0.02534
647 0.0254
648 0.02562
649 0.02558
650 0.02485
651 0.02576
652 0.02593
653 0.02559
654 0.02541
655 0.02504
656 0.02342
657 0.02155
658 0.02388
659 0.02506
660 0.02518
661 0.02542
662 0.0256
663 0.02555
664 0.02527
665 0.02537
666 0.02546
667 0.02535
668 0.02531
669 0.0255
670 0.02547
671 0.0254
672 0.02531
673 0.02526
674 0.02524
675 0.02522
676 0.02521
677 0.0252
678 0.02519
679 0.02518
680 0.02518
681 0.02518
682 0.02518
683 0.02518
684 0.02519
685 0.0252
686 0.02522
687 0.02524
688 0.02525
689 0.02532
690 0.02548
691 0.02555
692 0.02544
693 0.02538
694 0.02545
695 0.02533
696 0.02533
697 0.02543
698 0.02511
699 0.02544
700 0.02554
701 0.02521
702 0.02508
703 0.0252
704 0.02535
705 0.02563
706 0.02549
707 0.02521
708 0.02526
709 0.02506
710 0.02492
711 0.02504
712 0.02472
713 0.02465
714 0.02472
715 0.0247
716 0.02463
717 0.02476
718 0.02475
719 0.02445
720 0.02448
721 0.02455
722 0.02459
723 0.02458
724 0.02471
725 0.02466
726 0.02448
727 0.02457
728 0.02454
729 0.02411
730 0.02403
731 0.0245
732 0.02446
733 0.02447
734 0.02449
735 0.02452
736 0.02429
737 0.02423
738 0.02423
739 0.0237
740 0.02376
741 0.02365
742 0.02349
743 0.02387
744 0.02424
745 0.02401
746 0.02429
747 0.02422
748 0.02432
749 0.0242
750 0.02395
