# Top-of-atmosphere (TOA) lunar irradiance from Miller and Turner (2009) by 10 nm increments
# First column wavelength (nm), second column TOA irradiance# Phase angle = 68
# Units = mW/m^2-micrometer

300 0.02226
310 0.02222
320 0.03374
330 0.05495
340 0.04957
350 0.04584
360 0.06061
370 0.0732
380 0.06392
390 0.07569
400 0.1093
410 0.1143
420 0.1192
430 0.1054
440 0.1288
450 0.1535
460 0.158
470 0.1599
480 0.1711
490 0.1669
500 0.1655
510 0.168
520 0.161
530 0.1727
540 0.1717
550 0.1801
560 0.1712
570 0.1779
580 0.1817
590 0.1709
600 0.1849
610 0.1832
620 0.184
630 0.1857
640 0.184
650 0.1792
660 0.181
670 0.1825
680 0.1798
690 0.1814
700 0.1813
710 0.1763
720 0.1727
730 0.169
740 0.1665
750 0.1674
