# Top-of-atmosphere (TOA) lunar irradiance from Miller and Turner (2009) by 10 nm increments
# First column wavelength (nm), second column TOA irradiance# Phase angle = 64
# Units = mW/m^2-micrometer

300 0.01797
310 0.01794
320 0.02725
330 0.04441
340 0.04007
350 0.03707
360 0.04903
370 0.05924
380 0.05174
390 0.0613
400 0.08853
410 0.09262
420 0.0966
430 0.08544
440 0.1045
450 0.1246
460 0.1283
470 0.1299
480 0.139
490 0.1356
500 0.1345
510 0.1366
520 0.131
530 0.1405
540 0.1397
550 0.1467
560 0.1395
570 0.145
580 0.1481
590 0.1394
600 0.1509
610 0.1495
620 0.1502
630 0.1516
640 0.1504
650 0.1464
660 0.148
670 0.1492
680 0.1471
690 0.1485
700 0.1484
710 0.1444
720 0.1415
730 0.1385
740 0.1365
750 0.1373
