# Top-of-atmosphere (TOA) lunar irradiance from Miller and Turner (2009)
# First column wavelength (nm), second column TOA irradiance# Lunar phase angle: 70
# Irradiance units: mW/m^2-micrometer

300 0.02477
301 0.01842
302 0.0232
303 0.02217
304 0.03137
305 0.02922
306 0.02983
307 0.0276
308 0.0321
309 0.03238
310 0.02473
311 0.03286
312 0.03898
313 0.03386
314 0.03674
315 0.03377
316 0.03477
317 0.03179
318 0.04427
319 0.03405
320 0.03754
321 0.04638
322 0.0368
323 0.03857
324 0.03597
325 0.04312
326 0.0483
327 0.05508
328 0.05348
329 0.04973
330 0.06113
331 0.05645
332 0.05591
333 0.05426
334 0.05199
335 0.05562
336 0.05671
337 0.0449
338 0.0493
339 0.05293
340 0.05513
341 0.06091
342 0.05341
343 0.05944
344 0.05976
345 0.04312
346 0.05886
347 0.05464
348 0.05422
349 0.05654
350 0.05098
351 0.06738
352 0.06014
353 0.05388
354 0.06504
355 0.06922
356 0.06491
357 0.05804
358 0.05273
359 0.03938
360 0.06739
361 0.06357
362 0.05636
363 0.06445
364 0.06087
365 0.0657
366 0.07543
367 0.08032
368 0.07748
369 0.06914
370 0.08138
371 0.07216
372 0.08349
373 0.06899
374 0.05958
375 0.0608
376 0.0731
377 0.07176
378 0.08651
379 0.09289
380 0.07104
381 0.0832
382 0.07565
383 0.05428
384 0.04524
385 0.06563
386 0.06908
387 0.06997
388 0.06837
389 0.06577
390 0.08411
391 0.08609
392 0.1003
393 0.07584
394 0.03304
395 0.07651
396 0.09901
397 0.05264
398 0.0592
399 0.1129
400 0.1214
401 0.122
402 0.1328
403 0.1349
404 0.1321
405 0.1292
406 0.1256
407 0.1223
408 0.1241
409 0.1259
410 0.127
411 0.1177
412 0.1225
413 0.1273
414 0.1322
415 0.1328
416 0.1331
417 0.1349
418 0.1322
419 0.1322
420 0.1323
421 0.1356
422 0.1383
423 0.1336
424 0.132
425 0.1353
426 0.1344
427 0.1338
428 0.1289
429 0.1289
430 0.117
431 0.09772
432 0.1211
433 0.1339
434 0.1322
435 0.1295
436 0.1393
437 0.1472
438 0.1427
439 0.1372
440 0.143
441 0.1493
442 0.1551
443 0.1599
444 0.1605
445 0.1607
446 0.1581
447 0.1571
448 0.1664
449 0.1686
450 0.1704
451 0.1782
452 0.1791
453 0.1708
454 0.1665
455 0.1743
456 0.1756
457 0.1805
458 0.1807
459 0.1764
460 0.1754
461 0.1783
462 0.1812
463 0.1831
464 0.1812
465 0.1773
466 0.1774
467 0.1762
468 0.1754
469 0.1786
470 0.1775
471 0.175
472 0.1795
473 0.1852
474 0.1829
475 0.1871
476 0.1871
477 0.1847
478 0.1897
479 0.1898
480 0.1898
481 0.189
482 0.1906
483 0.189
484 0.1867
485 0.1847
486 0.1681
487 0.159
488 0.1722
489 0.1777
490 0.1851
491 0.188
492 0.1815
493 0.1813
494 0.1836
495 0.1882
496 0.1884
497 0.1879
498 0.1866
499 0.1837
500 0.1836
501 0.1808
502 0.1774
503 0.1813
504 0.1849
505 0.1843
506 0.1913
507 0.1944
508 0.1918
509 0.1891
510 0.1863
511 0.1844
512 0.1882
513 0.1863
514 0.182
515 0.1799
516 0.1828
517 0.1704
518 0.1603
519 0.1666
520 0.1785
521 0.182
522 0.1855
523 0.1819
524 0.1853
525 0.1911
526 0.1892
527 0.1734
528 0.1777
529 0.1893
530 0.1914
531 0.1943
532 0.1949
533 0.1929
534 0.1904
535 0.1912
536 0.197
537 0.1928
538 0.193
539 0.1944
540 0.1902
541 0.1866
542 0.1909
543 0.1933
544 0.1952
545 0.1971
546 0.1977
547 0.198
548 0.1959
549 0.197
550 0.1995
551 0.1987
552 0.1996
553 0.1995
554 0.1991
555 0.2014
556 0.2006
557 0.1966
558 0.1944
559 0.1921
560 0.1897
561 0.1945
562 0.1965
563 0.1945
564 0.1956
565 0.1963
566 0.1948
567 0.1951
568 0.1987
569 0.1974
570 0.197
571 0.1953
572 0.1958
573 0.2036
574 0.2048
575 0.2032
576 0.2004
577 0.2015
578 0.2021
579 0.1995
580 0.2012
581 0.2033
582 0.2044
583 0.2067
584 0.2071
585 0.2058
586 0.2023
587 0.2021
588 0.2051
589 0.1974
590 0.1892
591 0.1985
592 0.2034
593 0.2041
594 0.204
595 0.2049
596 0.2042
597 0.2058
598 0.2057
599 0.2041
600 0.2047
601 0.2037
602 0.2015
603 0.2026
604 0.2065
605 0.2075
606 0.2066
607 0.206
608 0.2054
609 0.2037
610 0.2028
611 0.2031
612 0.2036
613 0.2029
614 0.2006
615 0.2006
616 0.1993
617 0.1957
618 0.199
619 0.2022
620 0.2037
621 0.2057
622 0.2045
623 0.2035
624 0.2025
625 0.2009
626 0.2004
627 0.2046
628 0.2073
629 0.2076
630 0.2054
631 0.2047
632 0.202
633 0.2047
634 0.2038
635 0.2046
636 0.2048
637 0.2044
638 0.2075
639 0.2076
640 0.2036
641 0.2022
642 0.2016
643 0.2039
644 0.2034
645 0.2039
646 0.2024
647 0.2028
648 0.2045
649 0.2041
650 0.1982
651 0.2054
652 0.2067
653 0.2039
654 0.2024
655 0.1994
656 0.1864
657 0.1715
658 0.1899
659 0.1993
660 0.2002
661 0.202
662 0.2034
663 0.2029
664 0.2006
665 0.2013
666 0.202
667 0.201
668 0.2007
669 0.2021
670 0.2018
671 0.2012
672 0.2004
673 0.1999
674 0.1997
675 0.1995
676 0.1993
677 0.1992
678 0.199
679 0.1989
680 0.1988
681 0.1988
682 0.1987
683 0.1987
684 0.1987
685 0.1987
686 0.1988
687 0.1988
688 0.1989
689 0.1994
690 0.2005
691 0.201
692 0.2001
693 0.1995
694 0.2
695 0.199
696 0.199
697 0.1997
698 0.1971
699 0.1997
700 0.2003
701 0.1977
702 0.1966
703 0.1975
704 0.1986
705 0.2008
706 0.1996
707 0.1973
708 0.1976
709 0.196
710 0.1948
711 0.1957
712 0.1931
713 0.1925
714 0.1931
715 0.1928
716 0.1922
717 0.1931
718 0.193
719 0.1906
720 0.1908
721 0.1913
722 0.1915
723 0.1913
724 0.1923
725 0.1919
726 0.1904
727 0.191
728 0.1908
729 0.1873
730 0.1867
731 0.1902
732 0.1899
733 0.1898
734 0.19
735 0.1901
736 0.1882
737 0.1878
738 0.1877
739 0.1835
740 0.1839
741 0.183
742 0.1817
743 0.1846
744 0.1874
745 0.1856
746 0.1877
747 0.187
748 0.1878
749 0.1868
750 0.1848
