# Top-of-atmosphere (TOA) lunar irradiance from Miller and Turner (2009) by 10 nm increments
# First column wavelength (nm), second column TOA irradiance# Phase angle = 14
# Units = mW/m^2-micrometer

300 0.0005846
310 0.0005855
320 0.0008917
330 0.001457
340 0.001318
350 0.001223
360 0.001622
370 0.001965
380 0.001721
390 0.002045
400 0.002961
410 0.003107
420 0.003249
430 0.002882
440 0.003535
450 0.004225
460 0.004364
470 0.004429
480 0.004752
490 0.004652
500 0.004627
510 0.00471
520 0.004529
530 0.004872
540 0.004859
550 0.005113
560 0.004878
570 0.005082
580 0.005208
590 0.004913
600 0.005334
610 0.0053
620 0.005341
630 0.005405
640 0.005375
650 0.005249
660 0.005318
670 0.005379
680 0.005318
690 0.005382
700 0.005393
710 0.005262
720 0.005171
730 0.005075
740 0.005017
750 0.005058
