# Top-of-atmosphere (TOA) lunar irradiance from Miller and Turner (2009) by 10 nm increments
# First column wavelength (nm), second column TOA irradiance# Phase angle = 4
# Units = mW/m^2-micrometer

300 0.0002973
310 0.0002971
320 0.0004515
330 0.0007363
340 0.0006649
350 0.0006156
360 0.0008147
370 0.0009851
380 0.0008611
390 0.001021
400 0.001475
410 0.001545
420 0.001612
430 0.001427
440 0.001747
450 0.002084
460 0.002147
470 0.002175
480 0.002329
490 0.002275
500 0.002258
510 0.002294
520 0.002201
530 0.002364
540 0.002352
550 0.002471
560 0.002352
570 0.002446
580 0.002501
590 0.002354
600 0.002551
610 0.00253
620 0.002544
630 0.002569
640 0.00255
650 0.002485
660 0.002512
670 0.002536
680 0.002502
690 0.002527
700 0.002527
710 0.002461
720 0.002413
730 0.002364
740 0.002332
750 0.002346
