# Top-of-atmosphere (TOA) lunar irradiance from Miller and Turner (2009)
# First column wavelength (nm), second column TOA irradiance# Lunar phase angle: 118
# Irradiance units: mW/m^2-micrometer

300 0.1295
301 0.09628
302 0.1212
303 0.1158
304 0.1638
305 0.1526
306 0.1558
307 0.1441
308 0.1676
309 0.169
310 0.1291
311 0.1715
312 0.2034
313 0.1767
314 0.1917
315 0.1761
316 0.1813
317 0.1658
318 0.2308
319 0.1775
320 0.1956
321 0.2417
322 0.1917
323 0.2009
324 0.1874
325 0.2246
326 0.2516
327 0.2868
328 0.2784
329 0.2589
330 0.3182
331 0.2938
332 0.2909
333 0.2823
334 0.2705
335 0.2893
336 0.2949
337 0.2335
338 0.2563
339 0.2752
340 0.2866
341 0.3165
342 0.2776
343 0.3088
344 0.3104
345 0.224
346 0.3057
347 0.2837
348 0.2815
349 0.2935
350 0.2646
351 0.3497
352 0.3121
353 0.2796
354 0.3374
355 0.359
356 0.3367
357 0.301
358 0.2734
359 0.2041
360 0.3493
361 0.3295
362 0.292
363 0.3339
364 0.3153
365 0.3403
366 0.3907
367 0.4159
368 0.4012
369 0.3579
370 0.4212
371 0.3735
372 0.4321
373 0.357
374 0.3082
375 0.3145
376 0.3781
377 0.3711
378 0.4473
379 0.4802
380 0.3672
381 0.43
382 0.3909
383 0.2804
384 0.2337
385 0.339
386 0.3568
387 0.3613
388 0.353
389 0.3395
390 0.4342
391 0.4443
392 0.5174
393 0.3913
394 0.1705
395 0.3947
396 0.5106
397 0.2715
398 0.3052
399 0.5818
400 0.6259
401 0.6288
402 0.6842
403 0.695
404 0.6807
405 0.6653
406 0.6468
407 0.63
408 0.6389
409 0.6479
410 0.6536
411 0.6056
412 0.6303
413 0.6552
414 0.6802
415 0.683
416 0.6847
417 0.6936
418 0.6799
419 0.6796
420 0.6803
421 0.6971
422 0.7107
423 0.6864
424 0.6782
425 0.6949
426 0.6901
427 0.6873
428 0.6619
429 0.6617
430 0.6006
431 0.5016
432 0.6216
433 0.6871
434 0.6784
435 0.6644
436 0.7143
437 0.7547
438 0.7317
439 0.7036
440 0.7332
441 0.7654
442 0.7948
443 0.8194
444 0.8221
445 0.8231
446 0.8096
447 0.8047
448 0.8523
449 0.8632
450 0.8723
451 0.9119
452 0.9166
453 0.874
454 0.8521
455 0.8917
456 0.8982
457 0.9231
458 0.924
459 0.9018
460 0.8967
461 0.9113
462 0.9262
463 0.9356
464 0.9257
465 0.9057
466 0.9063
467 0.8997
468 0.8955
469 0.9121
470 0.9059
471 0.8933
472 0.916
473 0.9448
474 0.9332
475 0.9543
476 0.9543
477 0.9419
478 0.9672
479 0.9675
480 0.9675
481 0.9634
482 0.9713
483 0.9631
484 0.9513
485 0.9407
486 0.8564
487 0.8095
488 0.8769
489 0.9049
490 0.9425
491 0.9568
492 0.9239
493 0.9225
494 0.9342
495 0.9574
496 0.9585
497 0.9557
498 0.9489
499 0.9339
500 0.9331
501 0.9189
502 0.9014
503 0.9212
504 0.9394
505 0.9363
506 0.9716
507 0.9874
508 0.9737
509 0.96
510 0.9455
511 0.9359
512 0.9551
513 0.9456
514 0.9235
515 0.9126
516 0.9272
517 0.864
518 0.8131
519 0.8446
520 0.9048
521 0.9223
522 0.9401
523 0.922
524 0.939
525 0.9683
526 0.9585
527 0.8783
528 0.9
529 0.9586
530 0.9689
531 0.9836
532 0.9864
533 0.9763
534 0.9634
535 0.9672
536 0.9967
537 0.975
538 0.9758
539 0.9831
540 0.9618
541 0.9434
542 0.9649
543 0.9769
544 0.9861
545 0.9956
546 0.9988
547 0.9999
548 0.9891
549 0.9947
550 1.007
551 1.003
552 1.008
553 1.007
554 1.005
555 1.016
556 1.012
557 0.9918
558 0.9806
559 0.9687
560 0.9565
561 0.9807
562 0.9905
563 0.98
564 0.9856
565 0.989
566 0.9812
567 0.9826
568 1.001
569 0.9938
570 0.992
571 0.9829
572 0.9854
573 1.025
574 1.03
575 1.022
576 1.008
577 1.013
578 1.016
579 1.003
580 1.012
581 1.022
582 1.027
583 1.039
584 1.041
585 1.034
586 1.016
587 1.015
588 1.03
589 0.9913
590 0.95
591 0.9966
592 1.021
593 1.024
594 1.024
595 1.028
596 1.024
597 1.032
598 1.032
599 1.023
600 1.027
601 1.021
602 1.01
603 1.015
604 1.035
605 1.04
606 1.035
607 1.032
608 1.029
609 1.02
610 1.015
611 1.017
612 1.019
613 1.015
614 1.004
615 1.004
616 0.9968
617 0.9791
618 0.9953
619 1.011
620 1.018
621 1.028
622 1.022
623 1.017
624 1.012
625 1.004
626 1.001
627 1.022
628 1.035
629 1.037
630 1.026
631 1.022
632 1.008
633 1.021
634 1.017
635 1.021
636 1.022
637 1.02
638 1.035
639 1.035
640 1.015
641 1.008
642 1.005
643 1.016
644 1.014
645 1.016
646 1.008
647 1.01
648 1.018
649 1.016
650 0.9869
651 1.023
652 1.029
653 1.015
654 1.007
655 0.9921
656 0.9275
657 0.8529
658 0.9446
659 0.991
660 0.9952
661 1.004
662 1.011
663 1.008
664 0.9969
665 1
666 1.004
667 0.9986
668 0.9967
669 1.004
670 1.002
671 0.9988
672 0.9947
673 0.9923
674 0.9911
675 0.9899
676 0.9889
677 0.9879
678 0.9871
679 0.9864
680 0.9858
681 0.9854
682 0.985
683 0.9847
684 0.9846
685 0.9846
686 0.9847
687 0.9848
688 0.9851
689 0.9873
690 0.993
691 0.9952
692 0.9906
693 0.9876
694 0.9898
695 0.9848
696 0.9844
697 0.9879
698 0.975
699 0.9874
700 0.9905
701 0.9775
702 0.9717
703 0.9763
704 0.9814
705 0.992
706 0.9861
707 0.9746
708 0.9762
709 0.968
710 0.9619
711 0.9662
712 0.9534
713 0.9502
714 0.9527
715 0.9512
716 0.9481
717 0.9527
718 0.952
719 0.94
720 0.9408
721 0.943
722 0.9439
723 0.9431
724 0.9475
725 0.9455
726 0.938
727 0.941
728 0.9396
729 0.9226
730 0.9191
731 0.9364
732 0.9347
733 0.9344
734 0.9349
735 0.9356
736 0.9262
737 0.9238
738 0.923
739 0.9026
740 0.9043
741 0.8997
742 0.8934
743 0.9072
744 0.9209
745 0.9119
746 0.922
747 0.9188
748 0.9224
749 0.9174
750 0.9074
