# Top-of-atmosphere (TOA) lunar irradiance from Miller and Turner (2009)
# First column wavelength (nm), second column TOA irradiance# Lunar phase angle: 52
# Irradiance units: mW/m^2-micrometer

300 0.00874
301 0.006501
302 0.008188
303 0.007827
304 0.01107
305 0.01032
306 0.01054
307 0.009748
308 0.01134
309 0.01144
310 0.008739
311 0.01161
312 0.01378
313 0.01197
314 0.013
315 0.01194
316 0.0123
317 0.01125
318 0.01567
319 0.01205
320 0.01329
321 0.01642
322 0.01303
323 0.01366
324 0.01275
325 0.01528
326 0.01712
327 0.01953
328 0.01896
329 0.01764
330 0.02168
331 0.02003
332 0.01984
333 0.01926
334 0.01846
335 0.01975
336 0.02014
337 0.01595
338 0.01751
339 0.01881
340 0.01959
341 0.02165
342 0.01899
343 0.02113
344 0.02125
345 0.01534
346 0.02094
347 0.01944
348 0.01929
349 0.02012
350 0.01815
351 0.02399
352 0.02142
353 0.01919
354 0.02317
355 0.02466
356 0.02313
357 0.02069
358 0.0188
359 0.01404
360 0.02403
361 0.02268
362 0.02011
363 0.023
364 0.02172
365 0.02345
366 0.02693
367 0.02868
368 0.02767
369 0.0247
370 0.02907
371 0.02579
372 0.02984
373 0.02466
374 0.0213
375 0.02174
376 0.02614
377 0.02567
378 0.03095
379 0.03324
380 0.02543
381 0.02979
382 0.02709
383 0.01944
384 0.0162
385 0.02351
386 0.02475
387 0.02508
388 0.02451
389 0.02358
390 0.03016
391 0.03088
392 0.03596
393 0.02721
394 0.01186
395 0.02746
396 0.03554
397 0.0189
398 0.02126
399 0.04053
400 0.04361
401 0.04383
402 0.04771
403 0.04848
404 0.0475
405 0.04644
406 0.04516
407 0.044
408 0.04464
409 0.04528
410 0.04569
411 0.04235
412 0.04409
413 0.04585
414 0.04762
415 0.04782
416 0.04796
417 0.0486
418 0.04765
419 0.04765
420 0.04771
421 0.04891
422 0.04987
423 0.04819
424 0.04762
425 0.04881
426 0.04849
427 0.04831
428 0.04654
429 0.04654
430 0.04226
431 0.0353
432 0.04376
433 0.04839
434 0.04779
435 0.04682
436 0.05035
437 0.05321
438 0.05161
439 0.04964
440 0.05175
441 0.05404
442 0.05613
443 0.05789
444 0.0581
445 0.05819
446 0.05725
447 0.05692
448 0.06031
449 0.0611
450 0.06176
451 0.06459
452 0.06494
453 0.06194
454 0.06041
455 0.06323
456 0.06372
457 0.06551
458 0.06559
459 0.06403
460 0.06369
461 0.06475
462 0.06583
463 0.06652
464 0.06584
465 0.06444
466 0.0645
467 0.06405
468 0.06377
469 0.06497
470 0.06455
471 0.06368
472 0.06531
473 0.06739
474 0.06658
475 0.06811
476 0.06813
477 0.06727
478 0.0691
479 0.06914
480 0.06916
481 0.06889
482 0.06948
483 0.06892
484 0.06809
485 0.06735
486 0.06134
487 0.058
488 0.06284
489 0.06487
490 0.06759
491 0.06864
492 0.0663
493 0.06622
494 0.06708
495 0.06877
496 0.06887
497 0.06869
498 0.06822
499 0.06717
500 0.06713
501 0.06613
502 0.06489
503 0.06634
504 0.06767
505 0.06747
506 0.07003
507 0.0712
508 0.07023
509 0.06926
510 0.06824
511 0.06757
512 0.06898
513 0.06831
514 0.06674
515 0.06597
516 0.06704
517 0.06249
518 0.05884
519 0.06113
520 0.06551
521 0.0668
522 0.06811
523 0.06682
524 0.06808
525 0.07022
526 0.06953
527 0.06373
528 0.06533
529 0.06961
530 0.07038
531 0.07147
532 0.07169
533 0.07098
534 0.07007
535 0.07037
536 0.07254
537 0.07098
538 0.07106
539 0.07161
540 0.07008
541 0.06877
542 0.07035
543 0.07125
544 0.07194
545 0.07266
546 0.07292
547 0.07302
548 0.07225
549 0.07269
550 0.07364
551 0.07336
552 0.0737
553 0.07367
554 0.07355
555 0.07438
556 0.0741
557 0.07266
558 0.07186
559 0.07101
560 0.07014
561 0.07194
562 0.07268
563 0.07193
564 0.07237
565 0.07264
566 0.07209
567 0.07222
568 0.07358
569 0.07309
570 0.07298
571 0.07233
572 0.07254
573 0.07545
574 0.0759
575 0.07534
576 0.07432
577 0.07471
578 0.07494
579 0.07401
580 0.07467
581 0.07543
582 0.07588
583 0.07673
584 0.07689
585 0.07642
586 0.07514
587 0.07508
588 0.0762
589 0.07337
590 0.07033
591 0.07381
592 0.07565
593 0.0759
594 0.07588
595 0.07622
596 0.07597
597 0.07659
598 0.07659
599 0.07598
600 0.07624
601 0.07587
602 0.07507
603 0.07549
604 0.07696
605 0.07735
606 0.07701
607 0.07682
608 0.0766
609 0.07597
610 0.07565
611 0.07578
612 0.076
613 0.07573
614 0.07488
615 0.07492
616 0.07441
617 0.07312
618 0.07435
619 0.07555
620 0.07612
621 0.0769
622 0.07646
623 0.07608
624 0.07575
625 0.07516
626 0.07498
627 0.07655
628 0.07758
629 0.07771
630 0.07692
631 0.07665
632 0.07564
633 0.07667
634 0.07634
635 0.07669
636 0.07675
637 0.07664
638 0.07779
639 0.07784
640 0.07637
641 0.07586
642 0.07564
643 0.07653
644 0.07636
645 0.07655
646 0.07598
647 0.07617
648 0.0768
649 0.07667
650 0.07448
651 0.0772
652 0.07769
653 0.07665
654 0.07611
655 0.07499
656 0.07013
657 0.06451
658 0.07147
659 0.07501
660 0.07534
661 0.07607
662 0.07659
663 0.07641
664 0.07557
665 0.07586
666 0.07613
667 0.07577
668 0.07565
669 0.07621
670 0.07609
671 0.07588
672 0.07559
673 0.07544
674 0.07537
675 0.0753
676 0.07525
677 0.0752
678 0.07516
679 0.07514
680 0.07511
681 0.0751
682 0.0751
683 0.0751
684 0.07511
685 0.07514
686 0.07517
687 0.07521
688 0.07525
689 0.07544
690 0.0759
691 0.07609
692 0.07576
693 0.07556
694 0.07575
695 0.07539
696 0.07539
697 0.07568
698 0.07471
699 0.07569
700 0.07595
701 0.07498
702 0.07456
703 0.07493
704 0.07535
705 0.07619
706 0.07576
707 0.0749
708 0.07505
709 0.07444
710 0.074
711 0.07435
712 0.07339
713 0.07316
714 0.07338
715 0.07329
716 0.07307
717 0.07345
718 0.07342
719 0.07252
720 0.0726
721 0.0728
722 0.07289
723 0.07285
724 0.07322
725 0.07308
726 0.07252
727 0.07278
728 0.07269
729 0.0714
730 0.07115
731 0.07252
732 0.07241
733 0.07241
734 0.07247
735 0.07255
736 0.07184
737 0.07168
738 0.07164
739 0.07008
740 0.07023
741 0.06989
742 0.06943
743 0.07053
744 0.07162
745 0.07094
746 0.07174
747 0.07152
748 0.07182
749 0.07146
750 0.0707
