# Top-of-atmosphere (TOA) lunar irradiance from Miller and Turner (2009) by 10 nm increments
# First column wavelength (nm), second column TOA irradiance# Phase angle = 76
# Units = mW/m^2-micrometer

300 0.03249
310 0.03242
320 0.0492
330 0.0801
340 0.07222
350 0.06675
360 0.08821
370 0.1065
380 0.09293
390 0.11
400 0.1587
410 0.1659
420 0.1729
430 0.1528
440 0.1867
450 0.2224
460 0.2288
470 0.2314
480 0.2474
490 0.2413
500 0.2391
510 0.2426
520 0.2323
530 0.2491
540 0.2475
550 0.2595
560 0.2467
570 0.2561
580 0.2614
590 0.2457
600 0.2658
610 0.2632
620 0.2642
630 0.2665
640 0.264
650 0.2569
660 0.2593
670 0.2613
680 0.2574
690 0.2596
700 0.2592
710 0.252
720 0.2467
730 0.2413
740 0.2376
750 0.2387
