# Top-of-atmosphere (TOA) lunar irradiance from Miller and Turner (2009)
# First column wavelength (nm), second column TOA irradiance# Lunar phase angle: 87
# Irradiance units: mW/m^2-micrometer

300 0.05095
301 0.03789
302 0.04771
303 0.04559
304 0.06448
305 0.06006
306 0.06132
307 0.05672
308 0.06597
309 0.06654
310 0.05081
311 0.06751
312 0.08009
313 0.06956
314 0.07547
315 0.06935
316 0.07141
317 0.06528
318 0.0909
319 0.06992
320 0.07706
321 0.0952
322 0.07553
323 0.07916
324 0.07383
325 0.08849
326 0.09912
327 0.113
328 0.1097
329 0.102
330 0.1254
331 0.1158
332 0.1147
333 0.1113
334 0.1066
335 0.114
336 0.1163
337 0.09204
338 0.1011
339 0.1085
340 0.113
341 0.1248
342 0.1095
343 0.1218
344 0.1224
345 0.08834
346 0.1206
347 0.1119
348 0.111
349 0.1158
350 0.1044
351 0.138
352 0.1231
353 0.1103
354 0.1331
355 0.1417
356 0.1329
357 0.1188
358 0.1079
359 0.08057
360 0.1379
361 0.1301
362 0.1153
363 0.1318
364 0.1245
365 0.1344
366 0.1543
367 0.1642
368 0.1584
369 0.1413
370 0.1664
371 0.1475
372 0.1707
373 0.141
374 0.1218
375 0.1242
376 0.1494
377 0.1466
378 0.1767
379 0.1898
380 0.1451
381 0.1699
382 0.1545
383 0.1108
384 0.09237
385 0.134
386 0.141
387 0.1428
388 0.1395
389 0.1342
390 0.1717
391 0.1757
392 0.2046
393 0.1547
394 0.06741
395 0.1561
396 0.2019
397 0.1074
398 0.1207
399 0.2301
400 0.2476
401 0.2487
402 0.2707
403 0.275
404 0.2693
405 0.2633
406 0.2559
407 0.2493
408 0.2528
409 0.2564
410 0.2587
411 0.2397
412 0.2495
413 0.2594
414 0.2693
415 0.2704
416 0.2711
417 0.2746
418 0.2692
419 0.2691
420 0.2694
421 0.2761
422 0.2814
423 0.2718
424 0.2686
425 0.2752
426 0.2733
427 0.2723
428 0.2622
429 0.2621
430 0.238
431 0.1987
432 0.2463
433 0.2723
434 0.2688
435 0.2633
436 0.2831
437 0.2991
438 0.29
439 0.2789
440 0.2906
441 0.3034
442 0.3151
443 0.3249
444 0.3259
445 0.3263
446 0.321
447 0.3191
448 0.338
449 0.3423
450 0.346
451 0.3617
452 0.3635
453 0.3467
454 0.338
455 0.3537
456 0.3563
457 0.3663
458 0.3666
459 0.3578
460 0.3558
461 0.3616
462 0.3676
463 0.3713
464 0.3674
465 0.3595
466 0.3598
467 0.3572
468 0.3555
469 0.3621
470 0.3597
471 0.3547
472 0.3637
473 0.3752
474 0.3706
475 0.379
476 0.379
477 0.3741
478 0.3842
479 0.3843
480 0.3843
481 0.3827
482 0.3859
483 0.3826
484 0.378
485 0.3738
486 0.3403
487 0.3217
488 0.3485
489 0.3596
490 0.3746
491 0.3803
492 0.3672
493 0.3667
494 0.3714
495 0.3806
496 0.3811
497 0.38
498 0.3773
499 0.3714
500 0.3711
501 0.3654
502 0.3585
503 0.3664
504 0.3736
505 0.3724
506 0.3865
507 0.3928
508 0.3874
509 0.3819
510 0.3762
511 0.3724
512 0.38
513 0.3763
514 0.3675
515 0.3632
516 0.369
517 0.3439
518 0.3236
519 0.3362
520 0.3602
521 0.3672
522 0.3743
523 0.3671
524 0.3739
525 0.3856
526 0.3817
527 0.3497
528 0.3584
529 0.3818
530 0.3859
531 0.3918
532 0.3929
533 0.3889
534 0.3838
535 0.3853
536 0.3971
537 0.3885
538 0.3888
539 0.3917
540 0.3833
541 0.376
542 0.3845
543 0.3894
544 0.393
545 0.3968
546 0.3982
547 0.3986
548 0.3943
549 0.3966
550 0.4017
551 0.4
552 0.4018
553 0.4015
554 0.4007
555 0.4052
556 0.4035
557 0.3956
558 0.3911
559 0.3864
560 0.3816
561 0.3912
562 0.3952
563 0.391
564 0.3933
565 0.3946
566 0.3915
567 0.3921
568 0.3994
569 0.3966
570 0.3959
571 0.3923
572 0.3933
573 0.409
574 0.4113
575 0.4082
576 0.4026
577 0.4046
578 0.4057
579 0.4006
580 0.404
581 0.408
582 0.4103
583 0.4148
584 0.4156
585 0.413
586 0.4059
587 0.4055
588 0.4114
589 0.396
590 0.3795
591 0.3982
592 0.408
593 0.4093
594 0.4091
595 0.4108
596 0.4093
597 0.4125
598 0.4124
599 0.409
600 0.4104
601 0.4082
602 0.4038
603 0.406
604 0.4138
605 0.4157
606 0.4138
607 0.4127
608 0.4114
609 0.4079
610 0.4061
611 0.4067
612 0.4077
613 0.4062
614 0.4015
615 0.4016
616 0.3988
617 0.3918
618 0.3983
619 0.4046
620 0.4075
621 0.4116
622 0.4091
623 0.407
624 0.4051
625 0.4018
626 0.4008
627 0.4091
628 0.4145
629 0.4151
630 0.4107
631 0.4091
632 0.4037
633 0.4091
634 0.4072
635 0.4089
636 0.4092
637 0.4084
638 0.4145
639 0.4146
640 0.4067
641 0.4039
642 0.4026
643 0.4072
644 0.4062
645 0.4071
646 0.404
647 0.4049
648 0.4081
649 0.4073
650 0.3956
651 0.4099
652 0.4124
653 0.4068
654 0.4038
655 0.3978
656 0.3719
657 0.342
658 0.3788
659 0.3974
660 0.3991
661 0.4028
662 0.4055
663 0.4044
664 0.3999
665 0.4013
666 0.4026
667 0.4006
668 0.3999
669 0.4027
670 0.402
671 0.4008
672 0.3991
673 0.3982
674 0.3977
675 0.3973
676 0.3969
677 0.3965
678 0.3962
679 0.396
680 0.3958
681 0.3956
682 0.3955
683 0.3954
684 0.3953
685 0.3954
686 0.3954
687 0.3955
688 0.3957
689 0.3965
690 0.3988
691 0.3997
692 0.3979
693 0.3968
694 0.3977
695 0.3957
696 0.3955
697 0.3969
698 0.3918
699 0.3968
700 0.3981
701 0.3929
702 0.3906
703 0.3924
704 0.3945
705 0.3988
706 0.3964
707 0.3918
708 0.3925
709 0.3892
710 0.3868
711 0.3885
712 0.3834
713 0.3821
714 0.3831
715 0.3826
716 0.3813
717 0.3832
718 0.3829
719 0.3781
720 0.3785
721 0.3794
722 0.3798
723 0.3795
724 0.3813
725 0.3805
726 0.3775
727 0.3787
728 0.3781
729 0.3713
730 0.3699
731 0.3769
732 0.3763
733 0.3762
734 0.3764
735 0.3767
736 0.3729
737 0.372
738 0.3717
739 0.3635
740 0.3642
741 0.3623
742 0.3598
743 0.3654
744 0.371
745 0.3673
746 0.3714
747 0.3702
748 0.3716
749 0.3696
750 0.3656
