# Top-of-atmosphere (TOA) lunar irradiance from Miller and Turner (2009) by 10 nm increments
# First column wavelength (nm), second column TOA irradiance# Phase angle = 53
# Units = mW/m^2-micrometer

300 0.009311
310 0.00931
320 0.01416
330 0.02309
340 0.02086
350 0.01932
360 0.02559
370 0.03095
380 0.02706
390 0.0321
400 0.04641
410 0.04861
420 0.05076
430 0.04495
440 0.05504
450 0.06569
460 0.06773
470 0.06864
480 0.07353
490 0.07185
500 0.07136
510 0.07253
520 0.06962
530 0.07478
540 0.07446
550 0.07823
560 0.0745
570 0.07751
580 0.07929
590 0.07468
600 0.08095
610 0.08031
620 0.08079
630 0.08164
640 0.08105
650 0.07903
660 0.07994
670 0.08072
680 0.07967
690 0.0805
700 0.08055
710 0.07846
720 0.07698
730 0.07543
740 0.07445
750 0.07493
