# Top-of-atmosphere (TOA) lunar irradiance from Miller and Turner (2009) by 10 nm increments
# First column wavelength (nm), second column TOA irradiance# Phase angle = 62
# Units = mW/m^2-micrometer

300 0.01614
310 0.01612
320 0.02449
330 0.03992
340 0.03603
350 0.03334
360 0.0441
370 0.05329
380 0.04655
390 0.05516
400 0.07968
410 0.08338
420 0.08697
430 0.07694
440 0.09413
450 0.1122
460 0.1156
470 0.117
480 0.1253
490 0.1223
500 0.1213
510 0.1232
520 0.1181
530 0.1268
540 0.1261
550 0.1323
560 0.1259
570 0.1309
580 0.1338
590 0.1258
600 0.1363
610 0.1351
620 0.1358
630 0.137
640 0.1359
650 0.1324
660 0.1338
670 0.135
680 0.1331
690 0.1343
700 0.1343
710 0.1307
720 0.1281
730 0.1254
740 0.1236
750 0.1243
