# Top-of-atmosphere (TOA) lunar irradiance from Miller and Turner (2009)
# First column wavelength (nm), second column TOA irradiance# Lunar phase angle: 38
# Irradiance units: mW/m^2-micrometer

300 0.003444
301 0.002562
302 0.003228
303 0.003086
304 0.004366
305 0.004068
306 0.004155
307 0.003845
308 0.004474
309 0.004514
310 0.003449
311 0.004584
312 0.00544
313 0.004727
314 0.005131
315 0.004716
316 0.004858
317 0.004443
318 0.006189
319 0.004762
320 0.005251
321 0.00649
322 0.005151
323 0.005401
324 0.005039
325 0.006041
326 0.00677
327 0.007722
328 0.0075
329 0.006976
330 0.008579
331 0.007924
332 0.007851
333 0.007621
334 0.007305
335 0.007818
336 0.007973
337 0.006314
338 0.006935
339 0.007448
340 0.007761
341 0.008576
342 0.007523
343 0.008375
344 0.008422
345 0.006079
346 0.0083
347 0.007708
348 0.00765
349 0.007981
350 0.007198
351 0.009517
352 0.008497
353 0.007615
354 0.009194
355 0.009788
356 0.009183
357 0.008213
358 0.007464
359 0.005575
360 0.009544
361 0.009007
362 0.007987
363 0.009136
364 0.008632
365 0.00932
366 0.0107
367 0.0114
368 0.011
369 0.00982
370 0.01156
371 0.01026
372 0.01187
373 0.009811
374 0.008475
375 0.008652
376 0.0104
377 0.01022
378 0.01232
379 0.01323
380 0.01012
381 0.01186
382 0.01079
383 0.007742
384 0.006455
385 0.009367
386 0.009862
387 0.009993
388 0.009767
389 0.009399
390 0.01202
391 0.01231
392 0.01434
393 0.01085
394 0.004729
395 0.01095
396 0.01418
397 0.007541
398 0.008483
399 0.01618
400 0.01741
401 0.0175
402 0.01905
403 0.01936
404 0.01897
405 0.01855
406 0.01804
407 0.01758
408 0.01784
409 0.0181
410 0.01826
411 0.01693
412 0.01763
413 0.01833
414 0.01904
415 0.01913
416 0.01918
417 0.01944
418 0.01907
419 0.01907
420 0.01909
421 0.01958
422 0.01996
423 0.01929
424 0.01907
425 0.01955
426 0.01942
427 0.01935
428 0.01865
429 0.01865
430 0.01693
431 0.01415
432 0.01754
433 0.0194
434 0.01916
435 0.01877
436 0.02019
437 0.02134
438 0.0207
439 0.01992
440 0.02076
441 0.02169
442 0.02253
443 0.02324
444 0.02332
445 0.02336
446 0.02299
447 0.02286
448 0.02422
449 0.02454
450 0.02481
451 0.02595
452 0.0261
453 0.02489
454 0.02428
455 0.02542
456 0.02562
457 0.02634
458 0.02638
459 0.02576
460 0.02562
461 0.02605
462 0.02649
463 0.02677
464 0.0265
465 0.02594
466 0.02597
467 0.02579
468 0.02568
469 0.02617
470 0.026
471 0.02565
472 0.02631
473 0.02715
474 0.02683
475 0.02745
476 0.02746
477 0.02712
478 0.02786
479 0.02788
480 0.02789
481 0.02779
482 0.02803
483 0.0278
484 0.02748
485 0.02718
486 0.02476
487 0.02341
488 0.02537
489 0.02619
490 0.0273
491 0.02772
492 0.02678
493 0.02675
494 0.0271
495 0.02779
496 0.02783
497 0.02776
498 0.02758
499 0.02715
500 0.02714
501 0.02674
502 0.02624
503 0.02683
504 0.02737
505 0.0273
506 0.02834
507 0.02881
508 0.02843
509 0.02804
510 0.02763
511 0.02736
512 0.02793
513 0.02767
514 0.02703
515 0.02672
516 0.02716
517 0.02532
518 0.02384
519 0.02478
520 0.02656
521 0.02708
522 0.02762
523 0.0271
524 0.02761
525 0.02848
526 0.02821
527 0.02586
528 0.02651
529 0.02825
530 0.02857
531 0.02901
532 0.02911
533 0.02882
534 0.02845
535 0.02858
536 0.02946
537 0.02883
538 0.02887
539 0.0291
540 0.02848
541 0.02795
542 0.0286
543 0.02897
544 0.02925
545 0.02955
546 0.02966
547 0.0297
548 0.0294
549 0.02958
550 0.02997
551 0.02985
552 0.03
553 0.02999
554 0.02994
555 0.03029
556 0.03018
557 0.0296
558 0.02927
559 0.02893
560 0.02858
561 0.02932
562 0.02962
563 0.02932
564 0.0295
565 0.02962
566 0.0294
567 0.02945
568 0.03001
569 0.02981
570 0.02977
571 0.02951
572 0.0296
573 0.03079
574 0.03098
575 0.03076
576 0.03034
577 0.03051
578 0.03061
579 0.03023
580 0.0305
581 0.03082
582 0.031
583 0.03136
584 0.03143
585 0.03124
586 0.03072
587 0.0307
588 0.03116
589 0.03001
590 0.02877
591 0.03019
592 0.03095
593 0.03106
594 0.03105
595 0.0312
596 0.0311
597 0.03135
598 0.03136
599 0.03111
600 0.03123
601 0.03108
602 0.03075
603 0.03093
604 0.03154
605 0.0317
606 0.03156
607 0.03149
608 0.0314
609 0.03115
610 0.03102
611 0.03108
612 0.03117
613 0.03107
614 0.03072
615 0.03074
616 0.03054
617 0.03001
618 0.03052
619 0.03102
620 0.03125
621 0.03158
622 0.0314
623 0.03125
624 0.03112
625 0.03088
626 0.03081
627 0.03146
628 0.03189
629 0.03195
630 0.03162
631 0.03152
632 0.03111
633 0.03153
634 0.0314
635 0.03155
636 0.03158
637 0.03154
638 0.03201
639 0.03204
640 0.03144
641 0.03123
642 0.03114
643 0.03151
644 0.03145
645 0.03153
646 0.0313
647 0.03138
648 0.03165
649 0.0316
650 0.0307
651 0.03183
652 0.03203
653 0.03161
654 0.03139
655 0.03093
656 0.02893
657 0.02661
658 0.02949
659 0.03095
660 0.0311
661 0.0314
662 0.03162
663 0.03155
664 0.03121
665 0.03133
666 0.03144
667 0.0313
668 0.03125
669 0.03149
670 0.03144
671 0.03136
672 0.03125
673 0.03119
674 0.03116
675 0.03114
676 0.03112
677 0.0311
678 0.03109
679 0.03109
680 0.03108
681 0.03108
682 0.03108
683 0.03109
684 0.0311
685 0.03111
686 0.03113
687 0.03115
688 0.03117
689 0.03125
690 0.03145
691 0.03153
692 0.0314
693 0.03132
694 0.0314
695 0.03126
696 0.03126
697 0.03138
698 0.03099
699 0.03139
700 0.03151
701 0.03111
702 0.03094
703 0.0311
704 0.03127
705 0.03163
706 0.03145
707 0.0311
708 0.03116
709 0.03091
710 0.03074
711 0.03089
712 0.03049
713 0.0304
714 0.0305
715 0.03046
716 0.03038
717 0.03054
718 0.03053
719 0.03016
720 0.0302
721 0.03028
722 0.03032
723 0.03031
724 0.03047
725 0.03042
726 0.03019
727 0.0303
728 0.03026
729 0.02973
730 0.02963
731 0.0302
732 0.03016
733 0.03017
734 0.0302
735 0.03023
736 0.02994
737 0.02988
738 0.02986
739 0.02922
740 0.02929
741 0.02915
742 0.02896
743 0.02942
744 0.02988
745 0.0296
746 0.02994
747 0.02985
748 0.02998
749 0.02983
750 0.02952
