# Top-of-atmosphere (TOA) lunar irradiance from Miller and Turner (2009)
# First column wavelength (nm), second column TOA irradiance# Lunar phase angle: 46
# Irradiance units: mW/m^2-micrometer

300 0.005918
301 0.004402
302 0.005545
303 0.005301
304 0.0075
305 0.006988
306 0.007136
307 0.006604
308 0.007683
309 0.007752
310 0.005921
311 0.007869
312 0.00934
313 0.008115
314 0.008807
315 0.008095
316 0.008339
317 0.007625
318 0.01062
319 0.008172
320 0.00901
321 0.01113
322 0.008837
323 0.009264
324 0.008643
325 0.01036
326 0.01161
327 0.01324
328 0.01286
329 0.01196
330 0.01471
331 0.01359
332 0.01346
333 0.01306
334 0.01252
335 0.0134
336 0.01366
337 0.01082
338 0.01188
339 0.01276
340 0.0133
341 0.01469
342 0.01289
343 0.01435
344 0.01443
345 0.01041
346 0.01422
347 0.0132
348 0.0131
349 0.01367
350 0.01232
351 0.01629
352 0.01455
353 0.01304
354 0.01574
355 0.01675
356 0.01572
357 0.01406
358 0.01277
359 0.00954
360 0.01633
361 0.01541
362 0.01366
363 0.01563
364 0.01477
365 0.01594
366 0.01831
367 0.0195
368 0.01881
369 0.01679
370 0.01977
371 0.01753
372 0.02029
373 0.01677
374 0.01449
375 0.01479
376 0.01778
377 0.01746
378 0.02105
379 0.02261
380 0.0173
381 0.02027
382 0.01843
383 0.01323
384 0.01103
385 0.016
386 0.01684
387 0.01707
388 0.01668
389 0.01605
390 0.02053
391 0.02102
392 0.02448
393 0.01852
394 0.008073
395 0.0187
396 0.0242
397 0.01287
398 0.01448
399 0.0276
400 0.02971
401 0.02986
402 0.0325
403 0.03303
404 0.03236
405 0.03164
406 0.03077
407 0.02998
408 0.03042
409 0.03086
410 0.03114
411 0.02886
412 0.03005
413 0.03125
414 0.03246
415 0.0326
416 0.0327
417 0.03313
418 0.03249
419 0.03249
420 0.03254
421 0.03335
422 0.03401
423 0.03286
424 0.03248
425 0.03329
426 0.03308
427 0.03296
428 0.03175
429 0.03175
430 0.02883
431 0.02409
432 0.02986
433 0.03302
434 0.03261
435 0.03196
436 0.03437
437 0.03632
438 0.03523
439 0.03389
440 0.03533
441 0.0369
442 0.03833
443 0.03953
444 0.03967
445 0.03974
446 0.0391
447 0.03888
448 0.04119
449 0.04174
450 0.04219
451 0.04412
452 0.04437
453 0.04232
454 0.04128
455 0.04321
456 0.04354
457 0.04477
458 0.04483
459 0.04377
460 0.04354
461 0.04426
462 0.045
463 0.04548
464 0.04501
465 0.04406
466 0.04411
467 0.0438
468 0.04361
469 0.04443
470 0.04415
471 0.04355
472 0.04468
473 0.0461
474 0.04555
475 0.04659
476 0.04662
477 0.04603
478 0.04728
479 0.04731
480 0.04733
481 0.04715
482 0.04755
483 0.04717
484 0.04661
485 0.04611
486 0.04199
487 0.03971
488 0.04303
489 0.04442
490 0.04628
491 0.047
492 0.0454
493 0.04535
494 0.04595
495 0.0471
496 0.04717
497 0.04705
498 0.04674
499 0.04602
500 0.046
501 0.04531
502 0.04446
503 0.04546
504 0.04637
505 0.04624
506 0.048
507 0.0488
508 0.04814
509 0.04748
510 0.04678
511 0.04632
512 0.04729
513 0.04684
514 0.04576
515 0.04524
516 0.04598
517 0.04286
518 0.04035
519 0.04193
520 0.04494
521 0.04582
522 0.04673
523 0.04584
524 0.04671
525 0.04818
526 0.04771
527 0.04373
528 0.04483
529 0.04777
530 0.0483
531 0.04906
532 0.04921
533 0.04872
534 0.0481
535 0.04831
536 0.0498
537 0.04873
538 0.04879
539 0.04918
540 0.04813
541 0.04723
542 0.04832
543 0.04894
544 0.04942
545 0.04991
546 0.0501
547 0.05017
548 0.04964
549 0.04995
550 0.0506
551 0.05041
552 0.05065
553 0.05063
554 0.05055
555 0.05113
556 0.05094
557 0.04995
558 0.0494
559 0.04882
560 0.04823
561 0.04946
562 0.04998
563 0.04947
564 0.04977
565 0.04996
566 0.04959
567 0.04968
568 0.05062
569 0.05028
570 0.05021
571 0.04977
572 0.04991
573 0.05191
574 0.05223
575 0.05185
576 0.05115
577 0.05142
578 0.05158
579 0.05095
580 0.0514
581 0.05193
582 0.05224
583 0.05283
584 0.05294
585 0.05262
586 0.05174
587 0.0517
588 0.05248
589 0.05053
590 0.04844
591 0.05084
592 0.05211
593 0.05229
594 0.05228
595 0.05251
596 0.05235
597 0.05277
598 0.05278
599 0.05236
600 0.05255
601 0.05229
602 0.05174
603 0.05203
604 0.05305
605 0.05332
606 0.05309
607 0.05296
608 0.05282
609 0.05239
610 0.05217
611 0.05226
612 0.05241
613 0.05223
614 0.05165
615 0.05168
616 0.05133
617 0.05044
618 0.0513
619 0.05213
620 0.05252
621 0.05306
622 0.05277
623 0.05251
624 0.05228
625 0.05187
626 0.05176
627 0.05284
628 0.05356
629 0.05365
630 0.0531
631 0.05292
632 0.05223
633 0.05294
634 0.05272
635 0.05296
636 0.05301
637 0.05293
638 0.05373
639 0.05377
640 0.05276
641 0.05241
642 0.05226
643 0.05287
644 0.05276
645 0.0529
646 0.05251
647 0.05264
648 0.05308
649 0.05299
650 0.05148
651 0.05337
652 0.0537
653 0.05299
654 0.05262
655 0.05185
656 0.04849
657 0.04461
658 0.04942
659 0.05187
660 0.05211
661 0.05261
662 0.05298
663 0.05285
664 0.05228
665 0.05248
666 0.05267
667 0.05243
668 0.05234
669 0.05274
670 0.05266
671 0.05251
672 0.05232
673 0.05221
674 0.05217
675 0.05213
676 0.05209
677 0.05206
678 0.05204
679 0.05202
680 0.05201
681 0.052
682 0.05201
683 0.05201
684 0.05202
685 0.05204
686 0.05207
687 0.0521
688 0.05213
689 0.05226
690 0.05259
691 0.05272
692 0.0525
693 0.05236
694 0.0525
695 0.05225
696 0.05225
697 0.05245
698 0.05179
699 0.05247
700 0.05265
701 0.05198
702 0.05169
703 0.05195
704 0.05225
705 0.05283
706 0.05254
707 0.05195
708 0.05205
709 0.05163
710 0.05133
711 0.05157
712 0.05091
713 0.05076
714 0.05091
715 0.05085
716 0.05071
717 0.05097
718 0.05095
719 0.05033
720 0.05039
721 0.05053
722 0.05059
723 0.05057
724 0.05083
725 0.05074
726 0.05035
727 0.05053
728 0.05048
729 0.04958
730 0.04941
731 0.05037
732 0.05029
733 0.0503
734 0.05034
735 0.0504
736 0.04991
737 0.0498
738 0.04978
739 0.04869
740 0.0488
741 0.04857
742 0.04825
743 0.04902
744 0.04978
745 0.04931
746 0.04987
747 0.04972
748 0.04993
749 0.04968
750 0.04916
