# Top-of-atmosphere (TOA) lunar irradiance from Miller and Turner (2009) by 10 nm increments
# First column wavelength (nm), second column TOA irradiance# Phase angle = 2
# Units = mW/m^2-micrometer

300 0.0002614
310 0.0002611
320 0.0003966
330 0.0006464
340 0.0005834
350 0.0005398
360 0.0007141
370 0.0008629
380 0.0007538
390 0.0008932
400 0.00129
410 0.00135
420 0.001408
430 0.001246
440 0.001524
450 0.001817
460 0.001872
470 0.001895
480 0.002028
490 0.00198
500 0.001964
510 0.001994
520 0.001912
530 0.002052
540 0.002041
550 0.002143
560 0.002039
570 0.002119
580 0.002165
590 0.002037
600 0.002206
610 0.002187
620 0.002198
630 0.002218
640 0.0022
650 0.002143
660 0.002166
670 0.002185
680 0.002154
690 0.002175
700 0.002174
710 0.002115
720 0.002073
730 0.00203
740 0.002001
750 0.002012
