# Top-of-atmosphere (TOA) lunar irradiance from Miller and Turner (2009)
# First column wavelength (nm), second column TOA irradiance# Lunar phase angle: 57
# Irradiance units: mW/m^2-micrometer

300 0.01199
301 0.008921
302 0.01124
303 0.01074
304 0.01519
305 0.01415
306 0.01445
307 0.01337
308 0.01556
309 0.01569
310 0.01199
311 0.01593
312 0.0189
313 0.01642
314 0.01782
315 0.01638
316 0.01687
317 0.01542
318 0.02148
319 0.01653
320 0.01822
321 0.02251
322 0.01786
323 0.01873
324 0.01747
325 0.02094
326 0.02346
327 0.02676
328 0.02598
329 0.02416
330 0.02971
331 0.02744
332 0.02718
333 0.02638
334 0.02528
335 0.02705
336 0.02758
337 0.02184
338 0.02398
339 0.02575
340 0.02683
341 0.02964
342 0.026
343 0.02893
344 0.02909
345 0.02099
346 0.02866
347 0.02661
348 0.02641
349 0.02754
350 0.02483
351 0.03283
352 0.02931
353 0.02626
354 0.0317
355 0.03374
356 0.03165
357 0.0283
358 0.02571
359 0.0192
360 0.03287
361 0.03101
362 0.02749
363 0.03145
364 0.02971
365 0.03207
366 0.03682
367 0.03921
368 0.03783
369 0.03376
370 0.03974
371 0.03525
372 0.04078
373 0.03371
374 0.02911
375 0.02971
376 0.03572
377 0.03507
378 0.04229
379 0.04542
380 0.03474
381 0.04069
382 0.037
383 0.02655
384 0.02213
385 0.03211
386 0.0338
387 0.03424
388 0.03346
389 0.03219
390 0.04118
391 0.04215
392 0.0491
393 0.03714
394 0.01618
395 0.03748
396 0.04851
397 0.02579
398 0.02901
399 0.05531
400 0.05951
401 0.05981
402 0.06509
403 0.06614
404 0.0648
405 0.06335
406 0.0616
407 0.06002
408 0.06088
409 0.06176
410 0.06231
411 0.05775
412 0.06013
413 0.06252
414 0.06492
415 0.0652
416 0.06538
417 0.06625
418 0.06495
419 0.06495
420 0.06503
421 0.06666
422 0.06797
423 0.06566
424 0.0649
425 0.06651
426 0.06607
427 0.06582
428 0.0634
429 0.0634
430 0.05756
431 0.04808
432 0.05961
433 0.06591
434 0.06508
435 0.06376
436 0.06857
437 0.07246
438 0.07027
439 0.06759
440 0.07045
441 0.07357
442 0.07641
443 0.0788
444 0.07907
445 0.07919
446 0.07792
447 0.07746
448 0.08206
449 0.08314
450 0.08404
451 0.08788
452 0.08835
453 0.08427
454 0.08218
455 0.08602
456 0.08667
457 0.0891
458 0.08921
459 0.08708
460 0.08662
461 0.08804
462 0.08951
463 0.09044
464 0.08951
465 0.0876
466 0.08768
467 0.08707
468 0.08668
469 0.08831
470 0.08773
471 0.08654
472 0.08876
473 0.09158
474 0.09047
475 0.09254
476 0.09257
477 0.09139
478 0.09387
479 0.09392
480 0.09394
481 0.09357
482 0.09437
483 0.09359
484 0.09247
485 0.09146
486 0.08329
487 0.07875
488 0.08532
489 0.08807
490 0.09176
491 0.09317
492 0.08999
493 0.08987
494 0.09105
495 0.09333
496 0.09346
497 0.09321
498 0.09257
499 0.09113
500 0.09108
501 0.08972
502 0.08803
503 0.08999
504 0.09179
505 0.09151
506 0.09498
507 0.09656
508 0.09524
509 0.09392
510 0.09253
511 0.09161
512 0.09352
513 0.09261
514 0.09048
515 0.08943
516 0.09088
517 0.08471
518 0.07974
519 0.08285
520 0.08878
521 0.09052
522 0.09229
523 0.09054
524 0.09223
525 0.09514
526 0.0942
527 0.08633
528 0.08849
529 0.09428
530 0.09532
531 0.09679
532 0.09709
533 0.09612
534 0.09488
535 0.09528
536 0.09821
537 0.09609
538 0.0962
539 0.09694
540 0.09487
541 0.09308
542 0.09522
543 0.09644
544 0.09736
545 0.09833
546 0.09867
547 0.09881
548 0.09776
549 0.09835
550 0.09963
551 0.09924
552 0.0997
553 0.09965
554 0.09948
555 0.1006
556 0.1002
557 0.09826
558 0.09718
559 0.09602
560 0.09484
561 0.09726
562 0.09826
563 0.09724
564 0.09783
565 0.09819
566 0.09744
567 0.09761
568 0.09944
569 0.09877
570 0.09862
571 0.09774
572 0.09801
573 0.1019
574 0.1025
575 0.1018
576 0.1004
577 0.1009
578 0.1012
579 0.09996
580 0.1008
581 0.1019
582 0.1025
583 0.1036
584 0.1038
585 0.1032
586 0.1014
587 0.1014
588 0.1029
589 0.09903
590 0.09493
591 0.09962
592 0.1021
593 0.1024
594 0.1024
595 0.1028
596 0.1025
597 0.1033
598 0.1033
599 0.1025
600 0.1029
601 0.1023
602 0.1013
603 0.1018
604 0.1038
605 0.1043
606 0.1038
607 0.1036
608 0.1033
609 0.1024
610 0.102
611 0.1022
612 0.1024
613 0.1021
614 0.1009
615 0.101
616 0.1003
617 0.09854
618 0.1002
619 0.1018
620 0.1026
621 0.1036
622 0.103
623 0.1025
624 0.102
625 0.1012
626 0.101
627 0.1031
628 0.1045
629 0.1047
630 0.1036
631 0.1032
632 0.1019
633 0.1032
634 0.1028
635 0.1032
636 0.1033
637 0.1032
638 0.1047
639 0.1048
640 0.1028
641 0.1021
642 0.1018
643 0.103
644 0.1028
645 0.103
646 0.1022
647 0.1025
648 0.1033
649 0.1031
650 0.1002
651 0.1038
652 0.1045
653 0.1031
654 0.1023
655 0.1008
656 0.0943
657 0.08674
658 0.09609
659 0.1008
660 0.1013
661 0.1023
662 0.103
663 0.1027
664 0.1016
665 0.1019
666 0.1023
667 0.1018
668 0.1017
669 0.1024
670 0.1022
671 0.1019
672 0.1016
673 0.1013
674 0.1012
675 0.1012
676 0.1011
677 0.101
678 0.1009
679 0.1009
680 0.1009
681 0.1008
682 0.1008
683 0.1008
684 0.1008
685 0.1009
686 0.1009
687 0.1009
688 0.101
689 0.1012
690 0.1019
691 0.1021
692 0.1017
693 0.1014
694 0.1016
695 0.1012
696 0.1011
697 0.1015
698 0.1002
699 0.1015
700 0.1019
701 0.1006
702 0.09999
703 0.1005
704 0.101
705 0.1022
706 0.1016
707 0.1004
708 0.1006
709 0.09979
710 0.0992
711 0.09966
712 0.09837
713 0.09806
714 0.09835
715 0.09822
716 0.09792
717 0.09842
718 0.09837
719 0.09716
720 0.09727
721 0.09752
722 0.09764
723 0.09759
724 0.09807
725 0.09789
726 0.09713
727 0.09747
728 0.09735
729 0.09562
730 0.09527
731 0.0971
732 0.09694
733 0.09694
734 0.09702
735 0.09712
736 0.09616
737 0.09594
738 0.09588
739 0.09379
740 0.09399
741 0.09353
742 0.0929
743 0.09436
744 0.09582
745 0.0949
746 0.09598
747 0.09567
748 0.09607
749 0.09558
750 0.09456
