# Top-of-atmosphere (TOA) lunar irradiance from Miller and Turner (2009) by 10 nm increments
# First column wavelength (nm), second column TOA irradiance# Phase angle = 61
# Units = mW/m^2-micrometer

300 0.0153
310 0.01528
320 0.02322
330 0.03785
340 0.03416
350 0.03161
360 0.04182
370 0.05054
380 0.04416
390 0.05233
400 0.07559
410 0.07911
420 0.08253
430 0.07302
440 0.08933
450 0.1065
460 0.1097
470 0.1111
480 0.1189
490 0.1161
500 0.1152
510 0.117
520 0.1122
530 0.1204
540 0.1198
550 0.1257
560 0.1196
570 0.1243
580 0.1271
590 0.1196
600 0.1295
610 0.1284
620 0.129
630 0.1303
640 0.1292
650 0.1259
660 0.1272
670 0.1283
680 0.1266
690 0.1278
700 0.1277
710 0.1243
720 0.1219
730 0.1193
740 0.1176
750 0.1183
