# Top-of-atmosphere (TOA) lunar irradiance from Miller and Turner (2009) by 10 nm increments
# First column wavelength (nm), second column TOA irradiance# Phase angle = 79
# Units = mW/m^2-micrometer

300 0.03721
310 0.03712
320 0.05633
330 0.09169
340 0.08265
350 0.07638
360 0.1009
370 0.1218
380 0.1063
390 0.1258
400 0.1815
410 0.1897
420 0.1976
430 0.1746
440 0.2133
450 0.254
460 0.2614
470 0.2643
480 0.2825
490 0.2754
500 0.2729
510 0.2768
520 0.2651
530 0.2841
540 0.2823
550 0.296
560 0.2812
570 0.2919
580 0.298
590 0.28
600 0.3029
610 0.2998
620 0.301
630 0.3035
640 0.3006
650 0.2925
660 0.2952
670 0.2974
680 0.2929
690 0.2953
700 0.2948
710 0.2866
720 0.2805
730 0.2743
740 0.2701
750 0.2713
