# Top-of-atmosphere (TOA) lunar irradiance from Miller and Turner (2009) by 10 nm increments
# First column wavelength (nm), second column TOA irradiance# Phase angle = 67
# Units = mW/m^2-micrometer

300 0.0211
310 0.02106
320 0.03198
330 0.0521
340 0.047
350 0.04347
360 0.05748
370 0.06943
380 0.06063
390 0.07181
400 0.1037
410 0.1084
420 0.1131
430 0.09999
440 0.1223
450 0.1457
460 0.15
470 0.1518
480 0.1624
490 0.1585
500 0.1572
510 0.1595
520 0.1529
530 0.164
540 0.163
550 0.1711
560 0.1627
570 0.169
580 0.1727
590 0.1624
600 0.1758
610 0.1741
620 0.1749
630 0.1765
640 0.175
650 0.1704
660 0.1721
670 0.1735
680 0.171
690 0.1726
700 0.1724
710 0.1677
720 0.1643
730 0.1608
740 0.1585
750 0.1593
